1950 33761243.0
1951 33230422.0
1952 31019464.0
1953 30076772.0
1954 31524921.0
1955 32372169.0
1956 32375654.0
1957 33136798.0
1958 32928809.0
1959 32127410.0
1960 32630295.0
1961 33403232.0
1962 31535613.0
1963 30107953.0
1964 32321834.0
1965 32037906.0
1966 31541512.0
1967 31942542.0
1968 33366392.0
1969 32530976.0
1970 33054262.0
1971 32812008.0
1972 32723460.0
1973 37675161.0  High
1974 35709169.0
1975 34185515.0
1976 28983752.0  Low
1977 32417180.0
1978 33004884.0
1979 34128562.0
1980 30178595.0
1981 33713267.0
1982 33615884.0
1983 36489206.0  high
1984 33553634.0
1985 32239381.0
1986 32914268.0
1987 31603134.0
1988 30734075.0  Low
1989 32474611.0
1990 35022745.0
1991 32751040.0
1992 34312505.0
1993 34290166.0
1994 31717104.0
1995 34151048.0
1996 34652600.0
1997 32377190.0
1998 35948432.0  high
1999 32875511.0
2000 32916927.0
2001 32037260.0
2002 30734203.0
2003 31587936.0
2004 34253577.0
2005 31748678.0
2006 31326601.0
2007 32760014.0
2008 33538065.0
2009 33798341.0
2010 35366420.0  high
2011 34300297.0
2012 30959958.0
2013 32795817.0
2014 32047149.0
2015 34057624.0
2016 33762860.0
2017 33787102.0
2018 33640211.0
2019 33026902.0
2020 32316988.0