1711 10548303.001869962
1712 10621011.106597338
1713 10631813.980972648
1714 10666312.582881376
1715 10702101.125257947
1716 10701972.331975373
1717 10761392.201459061
1718 10833332.71849457
1719 10858128.620034913
1720 10893342.94690157
1721 10892944.333022268
1722 10928615.325825002
1723 10903544.685685938
1724 10891104.531088574
1725 10820273.22963571
1726 10796844.73543898
1727 10785421.7459015
1728 10761586.91180958
1729 10773839.096249934
1730 10751433.65139293
1731 10715753.319185007
1732 10669876.554099701
1733 10598515.203517884
1734 10597734.354129845
1735 10548010.028423145
1736 10522466.253594374
1737 10474332.445078487
1738 10413500.130992666
1739 10351735.11111527
1740 10363116.208906503
1741 10300840.612419521
1742 10287305.97802559
1743 10226336.668300921
1744 10165652.964663863
1745 10139582.51933669
1746 10103043.00634348
1747 10089648.325070372
1748 10051042.031998081
1749 10025209.793891925
1750 9976997.212406002
1751 10021481.16351908
1752 10055007.505633015
1753 10077159.791059706
1754 10134165.565085795
1755 10204991.917014364
1756 10238522.340805657
1757 10351739.432831578
1758 10454098.333390072
1759 10568299.542478656
1760 10697465.137025146
1761 10861059.973040339
1762 10966557.437704219
1763 11071969.768501995
1764 11262973.022628777
1765 11402155.666332146
1766 11553984.968731707
1767 11798665.906477952
1768 11950199.119339127
1769 12155883.498623928
1770 12374980.740491834
1771 12628641.700535316
1772 12789039.00624465
1773 13057421.84485841
1774 13248342.794925107
1775 13499401.825670352
1776 13729433.484592091
1777 13937027.633314222
1778 14256724.178816266
1779 14481309.842505343
1780 14683369.2511521
1781 14912138.334463812
1782 15139534.85630991
1783 15395772.44338741
1784 15679309.261341525
1785 15846714.807371343
1786 15982619.239201445
1787 16327911.05573248
1788 16526149.130403006
1789 16765152.423891954
1790 16895781.629091088
1791 17147160.918737713
1792 17348233.615814906
1793 17586009.049127854
1794 17728274.35859873
1795 17886527.024508737
1796 18102544.677087013
1797 18348112.86751731
1798 18587906.252008416
1799 18801501.57900567
1800 19028968.347692452
1801 19198548.388223376
1802 19492823.016850155
1803 19742547.989512697
1804 20011326.190500498
1805 20230231.99144961
1806 20467956.780543033
1807 20736501.51821786
1808 21026680.67441971
1809 21294170.16464633
1810 21507712.11272826
1811 21815555.10702891
1812 22029257.81927469
1813 22373231.379459802
1814 22555239.847865414
1815 22917900.798417132
1816 23167394.422560226
1817 23497210.04489732
1818 23819012.91462445
1819 24034690.658120386
1820 24345375.377988186
1821 24561437.002176028
1822 24957030.842670087
1823 25235462.441677574
1824 25530234.996658396
1825 25759751.596787974
1826 26111100.952139102
1827 26329313.357038327
1828 26569767.662054203
1829 26732190.952646885
1830 26901819.852713525
1831 27055213.146142628
1832 27168257.779795825
1833 27314596.7900346
1834 27455313.54706023
1835 27589964.29289585
1836 27774327.634360056
1837 27835089.0697371
1838 28073921.91883687
1839 28258160.436664335
1840 28431769.47464457
1841 28690894.71037013
1842 28862711.786553457
1843 29065524.875123136
1844 29264014.399608895
1845 29490937.23772685
1846 29765817.43487644
1847 29989406.398213934
1848 30279193.76675936
1849 30495183.081980046
1850 30820536.602146566
1851 31160993.412552197
1852 31491610.19164166
1853 31809091.0721412
1854 32107166.50330385
1855 32367593.978651434
1856 32764433.004208386
1857 32997007.007767286
1858 33321405.174855195
1859 33589259.20677399
1860 33946416.267779745
1861 34314290.446963824
1862 34638302.05040379
1863 34979332.34891
1864 35305198.86060986
1865 35670277.33373616
1866 36015229.22724071
1867 36386405.84641195
1868 36784086.86993811
1869 37061455.72698012
1870 37540482.22294758
1871 37970944.699166216
1872 38384667.66658427
1873 38682259.69741198
1874 39230170.60443658
1875 39638388.42441683
1876 40105493.326823026
1877 40509386.64563646
1878 40964071.489451095
1879 41508778.16888762
1880 41940057.85328635
1881 42391420.85136198
1882 42873371.27424678
1883 43376988.361384094
1884 43698451.239545524
1885 44185894.0914535
1886 44529127.98859649
1887 44841943.92240233
1888 45183094.87144833
1889 45465752.547056384
1890 45879711.482262865
1891 46047825.15596521
1892 46398328.071469575
1893 46655017.04011835
1894 46756095.63664949
1895 46909372.655717865
1896 47041868.02210609
1897 47135513.01188614
1898 47253042.944696255
1899 47313820.500100575
1900 47433856.110322736
1901 47489516.44361494
1902 47537311.88575454
1903 47627171.323737375
1904 47760234.51095556
1905 47922525.21609692
1906 47949592.60884215
1907 48015945.93297582
1908 48114693.80266311
1909 48212301.72159983
1910 48245293.1234155
1911 48399527.53389003
1912 48473109.68499895
1913 48565618.56113409
1914 48760896.352957405
1915 48881848.53453654
1916 48993165.77147356
1917 49140303.45497668
1918 49231822.53791518
1919 49395872.794628315
1920 49618248.92368046
1921 49854114.590694755
1922 50085033.06594361
1923 50241154.790388905
1924 50574911.23556071
1925 50817525.8830155
1926 51042702.535577215
1927 51317029.40433358
1928 51706793.15527726
1929 52002120.28870933
1930 52315242.69913082
1931 52505592.13426296
1932 52815974.14396935
1933 53069575.88303528
1934 53404471.321773395
1935 53679322.60707162
1936 54004877.443815164
1937 54352394.462639995
1938 54588976.67877461
1939 54958483.47646575
1940 55384457.71228471
1941 55924118.37064898
1942 56492044.30054628
1943 57045642.925177604
1944 57623909.48770637
