39.6473561 -77.4656081
39.0992752 -76.8483061
39.1531627 -77.066923
39.6473561 -77.4656081
39.0646312 -77.88964539999999
38.8718568 -77.0562669
38.733467 -77.829796
37.2707902 -76.6979478
38.8976763 -77.0365298
29.3670477 -98.6255063
29.5117718 -98.6622733
31.0374654 -97.7599982
41.1242718 -95.9145568
35.0552893 -106.5525145
35.8800364 -106.3031138
32.943896 -106.4196598
37.2430548 -115.7930198
38.7372129 -104.8808063
39.7227141 -105.1160014
39.8563497 -104.6763991
35.33651 -89.87061159999999
35.6507888 -117.66173
36.778261 -119.4179324
