1932 11.46
1933 10.07
1934 7.25
1935 8.88
1936 9.08
1937 12.44
1938 15.24
1939 16.56
1940 16.08
1941 16.85
1942 13.82
1943 16.98
1944 10.83
1945 10.37
1946 18.61
1947 18.83
1948 15.40
1949 15.42
1950 18.04
1951 22.27
1952 21.20
1953 15.63
1954 10.98
1955 11.24
1956 18.05
1957 20.10
1958 19.23
1959 21.34
1960 23.65
1961 14.39
1962 12.25
1963 12.58
1964 9.93
1965 7.74
1966 10.26
1967 11.98
1968 13.49
1969 11.37
1970 11.98
1971 11.26
1972 12.61
1973 17.03
1974 19.61
1975 13.91
1976 12.93
1977 11.88
1978 16.92
1979 14.47
1980 11.10
1981 16.29
1982 22.41
1983 18.52
1984 18.82
1985 13.72
1986 12.47
1987 10.94
1988 12.71
1989 19.46
1990 16.25
1991 23.43
1992 16.48
1993 15.04
1994 18.11
1995 12.65
1996 9.31
1997 8.41
1998 12.01
1999 12.53
2000 15.01
2001 12.92
2002 13.11
2003 21.75
2004 13.38
2005 13.49
2006 8.46
2007 7.48
2008 6.92
2009 3.93
2010 5.96
2011 7.48
2012 9.06
2013 7.58
2014 7.72
2015 12.24
2016 10.48
2017 10.33
2018 6.86
2019 6.06
2020 5.24
2021 7.16
2022 10.09
2023 10.82
2024 11.54