Interannual variation of monthly mean sea level and the 5-month centered average.
The values are in meters.  The average seasonal cycle and the relative sea level trend have been removed.
Column values are the Year; Month; Interannual Variation; and the 5-month centered average of the Interannual Variation.
Product of NOAAs National Ocean Service / Center for Operational Oceanographic Products and Services (CO-OPS)

Year, Month, Interannual_Variation, Five_Month_Average
1947,1,-0.037,
1947,2,-0.048,
1947,3,-0.036,-0.034,
1947,4,-0.023,-0.027,
1947,5,-0.024,-0.016,
1947,6,-0.002,-0.009,
1947,7,0.005,
1947,8,-0.003,
1948,5,-0.085,
1948,6,-0.038,
1948,7,-0.037,-0.029,
1948,8,0.001,-0.017,
1948,9,0.012,-0.009,
1948,10,-0.021,-0.008,
1948,11,0.001,-0.002,
1948,12,-0.034,-0.001,
1949,1,0.032,0.007,
1949,2,0.017,0.016,
1949,3,0.020,
1949,4,0.044,
1949,9,-0.033,
1949,10,0.043,
1949,11,-0.051,
1949,12,-0.062,
1951,1,-0.012,
1951,2,-0.023,
1951,3,0.026,-0.008,
1951,4,-0.025,-0.004,
1951,5,-0.005,0.005,
1951,6,0.007,0.006,
1951,7,0.020,0.020,
1951,8,0.032,0.030,
1951,9,0.044,0.026,
1951,10,0.048,0.023,
1951,11,-0.015,0.015,
1951,12,0.008,0.014,
1952,1,-0.012,0.007,
1952,2,0.042,0.013,
1952,3,0.011,0.014,
1952,4,0.018,0.013,
1952,5,0.011,0.005,
1952,6,-0.016,0.002,
1952,7,-0.000,-0.003,
1952,8,-0.002,-0.003,
1952,9,-0.007,0.002,
1952,10,0.009,0.004,
1952,11,0.010,0.008,
1952,12,0.012,0.014,
1953,1,0.017,0.007,
1953,2,0.022,-0.000,
1953,3,-0.024,-0.002,
1953,4,-0.026,-0.012,
1953,5,0.002,-0.013,
1953,6,-0.033,-0.000,
1953,7,0.016,-0.001,
1953,8,0.039,-0.006,
1953,9,-0.027,0.002,
1953,10,-0.023,-0.001,
1953,11,0.005,-0.006,
1953,12,0.004,0.008,
1954,1,0.012,0.010,
1954,2,0.043,0.018,
1954,3,-0.015,0.018,
1954,4,0.048,0.008,
1954,5,0.000,-0.006,
1954,6,-0.039,-0.001,
1954,7,-0.024,-0.002,
1954,8,0.012,0.006,
1954,9,0.038,0.027,
1954,10,0.041,0.036,
1954,11,0.067,0.023,
1954,12,0.022,0.015,
1955,1,-0.055,0.004,
1955,2,0.001,-0.021,
1955,3,-0.014,-0.045,
1955,4,-0.062,-0.068,
1955,5,-0.096,-0.096,
1955,6,-0.172,-0.107,
1955,7,-0.138,-0.108,
1955,8,-0.066,-0.098,
1955,9,-0.067,-0.071,
1955,10,-0.049,-0.058,
1955,11,-0.036,-0.056,
1955,12,-0.071,-0.053,
1956,1,-0.056,-0.055,
1956,2,-0.055,-0.052,
1956,3,-0.059,-0.039,
1956,4,-0.018,-0.035,
1956,5,-0.007,-0.035,
1956,6,-0.034,-0.037,
1956,7,-0.058,-0.041,
1956,8,-0.068,-0.041,
1956,9,-0.040,-0.028,
1956,10,-0.006,-0.010,
1956,11,0.032,0.010,
1956,12,0.033,0.028,
1957,1,0.032,0.031,
1957,2,0.049,0.026,
1957,3,0.010,0.019,
1957,4,0.007,0.013,
1957,5,-0.000,0.002,
1957,6,-0.000,-0.002,
1957,7,-0.005,-0.012,
1957,8,-0.013,-0.026,
1957,9,-0.042,-0.032,
1957,10,-0.072,-0.041,
1957,11,-0.028,-0.054,
1957,12,-0.048,-0.047,
1958,1,-0.080,-0.031,
1958,2,-0.005,-0.030,
1958,3,0.008,-0.020,
1958,4,-0.025,-0.002,
1958,5,0.003,0.001,
1958,6,0.010,0.005,
1958,7,0.010,0.023,
1958,8,0.028,0.039,
1958,9,0.063,0.057,
1958,10,0.085,0.071,
1958,11,0.101,0.077,
1958,12,0.081,0.072,
1959,1,0.055,0.065,
1959,2,0.038,0.055,
1959,3,0.050,0.049,
1959,4,0.051,0.054,
1959,5,0.050,0.059,
1959,6,0.079,0.072,
1959,7,0.063,0.074,
1959,8,0.117,0.068,
1959,9,0.061,0.059,
1959,10,0.018,0.052,
1959,11,0.037,0.025,
1959,12,0.026,0.014,
1960,1,-0.016,0.009,
1960,2,0.003,-0.000,
1960,3,-0.003,
1960,4,-0.012,
1960,10,-0.002,
1960,11,-0.011,
1960,12,0.040,0.021,
1961,1,0.041,0.037,
1961,2,0.034,0.058,
1961,3,0.083,0.061,
1961,4,0.090,0.077,
1961,5,0.058,0.093,
1961,6,0.123,0.096,
1961,7,0.111,0.100,
1961,8,0.098,0.107,
1961,9,0.111,0.087,
1961,10,0.090,0.070,
1961,11,0.024,0.067,
1961,12,0.025,0.065,
1962,1,0.082,0.058,
1962,2,0.102,0.064,
1962,3,0.056,0.067,
1962,4,0.057,0.064,
1962,5,0.040,0.051,
1962,6,0.066,0.037,
1962,7,0.038,0.021,
1962,8,-0.018,0.007,
1962,9,-0.022,-0.007,
1962,10,-0.028,-0.002,
1962,11,-0.003,0.014,
1962,12,0.063,0.028,
1963,1,0.059,0.040,
1963,2,0.051,0.051,
1963,3,0.033,0.050,
1963,4,0.049,0.047,
1963,5,0.056,0.043,
1963,6,0.048,0.047,
1963,7,0.030,
1963,8,0.050,
1964,1,-0.032,
1964,2,-0.009,
1964,3,0.039,0.003,
1964,4,0.010,0.012,
1964,5,0.006,0.027,
1964,6,0.012,0.023,
1964,7,0.067,0.026,
1964,8,0.021,0.022,
1964,9,0.022,0.022,
1964,10,-0.011,0.019,
1964,11,0.014,0.018,
1964,12,0.049,
1965,1,0.018,
1965,3,0.004,
1965,4,-0.029,
1965,5,-0.006,-0.003,
1965,6,-0.014,-0.013,
1965,7,0.032,-0.013,
1965,8,-0.045,-0.007,
1965,9,-0.032,0.007,
1965,10,0.023,-0.000,
1965,11,0.060,0.009,
1965,12,-0.008,0.018,
1966,1,0.003,0.015,
1966,2,0.011,0.006,
1966,3,0.011,0.004,
1966,4,0.012,-0.001,
1966,5,-0.017,0.005,
1966,6,-0.020,0.015,
1966,7,0.039,0.017,
1966,8,0.059,0.016,
1966,9,0.023,0.026,
1966,10,-0.021,0.017,
1966,11,0.031,0.004,
1966,12,-0.007,-0.002,
1967,1,-0.005,-0.006,
1967,2,-0.006,-0.018,
1967,3,-0.043,-0.037,
1967,4,-0.027,-0.052,
1967,5,-0.105,-0.066,
1967,6,-0.077,-0.068,
1967,7,-0.076,-0.068,
1967,8,-0.053,-0.043,
1967,9,-0.030,-0.025,
1967,10,0.022,-0.003,
1967,11,0.011,0.015,
1967,12,0.037,0.028,
1968,1,0.036,0.021,
1968,2,0.037,0.010,
1968,3,-0.015,-0.006,
1968,4,-0.044,-0.012,
1968,5,-0.043,-0.010,
1968,6,0.007,0.005,
1968,7,0.043,0.023,
1968,8,0.061,0.045,
1968,9,0.047,0.055,
1968,10,0.065,0.060,
1968,11,0.060,0.067,
1968,12,0.067,0.069,
1969,1,0.095,0.066,
1969,2,0.056,0.056,
1969,3,0.053,0.052,
1969,4,0.008,0.046,
1969,5,0.046,0.040,
1969,6,0.065,0.026,
1969,7,0.026,0.029,
1969,8,-0.014,0.021,
1969,9,0.023,0.004,
1969,10,0.005,-0.004,
1969,11,-0.019,0.006,
1969,12,-0.014,-0.000,
1970,1,0.034,-0.009,
1970,2,-0.007,-0.016,
1970,3,-0.038,-0.020,
1970,4,-0.055,-0.039,
1970,5,-0.032,-0.048,
1970,6,-0.065,-0.047,
1970,7,-0.050,-0.041,
1970,8,-0.032,-0.039,
1970,9,-0.025,-0.023,
1970,10,-0.024,-0.021,
1970,11,0.016,-0.023,
1970,12,-0.037,-0.027,
1971,1,-0.042,-0.030,
1971,2,-0.046,-0.040,
1971,3,-0.040,-0.035,
1971,4,-0.036,-0.032,
1971,5,-0.010,-0.020,
1971,6,-0.028,-0.016,
1971,7,0.012,-0.022,
1971,8,-0.019,-0.033,
1971,9,-0.064,-0.037,
1971,10,-0.066,-0.049,
1971,11,-0.047,-0.055,
1971,12,-0.049,-0.049,
1972,1,-0.046,-0.031,
1972,2,-0.036,-0.028,
1972,3,0.022,-0.028,
1972,4,-0.032,-0.031,
1972,5,-0.046,-0.026,
1972,6,-0.063,-0.029,
1972,7,-0.011,-0.024,
1972,8,0.006,-0.022,
1972,9,-0.008,-0.031,
1972,10,-0.035,-0.046,
1972,11,-0.104,-0.059,
1972,12,-0.088,-0.062,
1973,1,-0.061,-0.059,
1973,2,-0.020,-0.035,
1973,3,-0.020,-0.020,
1973,4,0.011,-0.013,
1973,5,-0.008,-0.013,
1973,6,-0.029,-0.008,
1973,7,-0.020,-0.013,
1973,8,0.007,-0.011,
1973,9,-0.013,0.002,
1973,10,-0.001,0.006,
1973,11,0.037,0.020,
1973,12,0.002,0.026,
1974,1,0.077,0.027,
1974,2,0.014,0.021,
1974,3,0.005,0.028,
1974,4,0.006,0.017,
1974,5,0.038,0.018,
1974,6,0.021,0.030,
1974,7,0.018,0.040,
1974,8,0.069,0.031,
1974,9,0.055,0.028,
1974,10,-0.006,0.025,
1974,11,0.004,0.011,
1974,12,0.002,0.000,
1975,1,0.002,0.004,
1975,2,-0.000,0.005,
1975,3,0.012,0.005,
1975,4,0.007,-0.002,
1975,5,0.006,-0.014,
1975,6,-0.033,-0.034,
1975,7,-0.061,-0.051,
1975,8,-0.089,-0.069,
1975,9,-0.079,-0.080,
1975,10,-0.081,-0.080,
1975,11,-0.090,-0.072,
1975,12,-0.061,-0.072,
1976,1,-0.049,-0.065,
1976,2,-0.081,-0.054,
1976,3,-0.045,-0.043,
1976,4,-0.035,-0.036,
1976,5,-0.005,-0.025,
1976,6,-0.014,-0.023,
1976,7,-0.026,-0.013,
1976,8,-0.034,-0.019,
1976,9,0.014,-0.020,
1976,10,-0.034,-0.017,
1976,11,-0.018,-0.019,
1976,12,-0.011,-0.031,
1977,1,-0.045,-0.039,
1977,2,-0.048,-0.043,
1977,3,-0.074,-0.052,
1977,4,-0.037,-0.046,
1977,5,-0.057,-0.040,
1977,6,-0.016,-0.030,
1977,7,-0.017,-0.025,
1977,8,-0.023,-0.008,
1977,9,-0.010,0.009,
1977,10,0.024,0.026,
1977,11,0.068,0.037,
1977,12,0.069,0.053,
1978,1,0.035,0.059,
1978,2,0.066,0.063,
1978,3,0.057,0.061,
1978,4,0.088,0.061,
1978,5,0.060,0.060,
1978,6,0.030,0.051,
1978,7,0.064,0.030,
1978,8,0.011,0.029,
1978,9,-0.015,0.034,
1978,10,0.055,0.019,
1978,11,0.053,
1978,12,-0.010,
1979,6,-0.015,
1979,8,-0.021,
1979,9,-0.029,
1979,11,-0.025,
1979,12,0.028,
1980,1,0.085,0.037,
1980,2,0.100,0.041,
1980,3,-0.002,0.034,
1980,4,-0.004,0.016,
1980,5,-0.011,0.004,
1980,6,-0.002,0.010,
1980,7,0.038,0.006,
1980,8,0.028,0.008,
1980,9,-0.023,0.016,
1980,10,-0.004,0.027,
1980,11,0.039,0.034,
1980,12,0.095,0.055,
1981,1,0.064,0.070,
1981,2,0.082,0.076,
1981,3,0.072,0.065,
1981,4,0.070,0.064,
1981,5,0.035,0.062,
1981,6,0.060,0.065,
1981,7,0.073,0.071,
1981,8,0.089,0.078,
1981,9,0.097,0.063,
1981,10,0.070,0.051,
1981,11,-0.011,0.042,
1981,12,0.010,0.022,
1982,1,0.047,0.002,
1982,2,-0.004,-0.002,
1982,3,-0.031,-0.015,
1982,4,-0.032,-0.032,
1982,5,-0.056,-0.046,
1982,6,-0.036,-0.049,
1982,7,-0.073,-0.045,
1982,8,-0.050,-0.032,
1982,9,-0.012,-0.020,
1982,10,0.013,-0.010,
1982,11,0.020,0.010,
1982,12,-0.022,0.025,
1983,1,0.051,0.029,
1983,2,0.061,0.025,
1983,3,0.035,0.035,
1983,4,0.001,0.020,
1983,5,0.027,0.009,
1983,6,-0.024,-0.021,
1983,7,0.004,-0.031,
1983,8,-0.113,-0.047,
1983,9,-0.050,-0.060,
1983,10,-0.053,-0.072,
1983,11,-0.088,-0.055,
1983,12,-0.054,-0.054,
1984,1,-0.030,-0.046,
1984,2,-0.047,-0.028,
1984,3,-0.010,-0.015,
1984,4,0.003,0.001,
1984,5,0.007,0.018,
1984,6,0.052,0.027,
1984,7,0.037,0.042,
1984,8,0.038,0.057,
1984,9,0.075,0.060,
1984,10,0.082,0.070,
1984,11,0.070,0.078,
1984,12,0.087,0.072,
1985,1,0.074,0.066,
1985,2,0.048,0.052,
1985,3,0.051,0.030,
1985,4,-0.002,0.023,
1985,5,-0.019,0.014,
1985,6,0.039,-0.001,
1985,7,0.003,-0.004,
1985,8,-0.026,0.001,
1985,9,-0.016,-0.012,
1985,10,0.004,-0.021,
1985,11,-0.023,-0.032,
1985,12,-0.046,-0.028,
1986,1,-0.078,-0.038,
1986,2,0.004,-0.053,
1986,3,-0.048,-0.062,
1986,4,-0.096,-0.064,
1986,5,-0.089,-0.087,
1986,6,-0.088,-0.092,
1986,7,-0.112,-0.077,
1986,8,-0.074,-0.072,
1986,9,-0.021,-0.056,
1986,10,-0.062,-0.037,
1986,11,-0.010,-0.024,
1986,12,-0.018,-0.020,
1987,1,-0.006,-0.009,
1987,2,-0.003,-0.009,
1987,3,-0.009,-0.009,
1987,4,-0.007,-0.012,
1987,5,-0.018,-0.020,
1987,6,-0.023,-0.017,
1987,7,-0.042,-0.019,
1987,8,0.006,-0.014,
1987,9,-0.017,0.004,
1987,10,0.005,0.021,
1987,11,0.069,0.028,
1987,12,0.040,0.042,
1988,1,0.040,0.066,
1988,2,0.056,0.075,
1988,3,0.124,0.084,
1988,4,0.115,0.094,
1988,5,0.086,0.099,
1988,6,0.087,0.090,
1988,7,0.084,0.074,
1988,8,0.078,0.062,
1988,9,0.036,0.045,
1988,10,0.024,0.033,
1988,11,0.003,0.017,
1988,12,0.024,0.013,
1989,1,-0.000,0.014,
1989,2,0.012,0.014,
1989,3,0.030,0.010,
1989,4,0.003,0.018,
1989,5,0.005,0.007,
1989,6,0.039,-0.003,
1989,7,-0.043,-0.008,
1989,8,-0.019,-0.019,
1989,9,-0.022,-0.033,
1989,10,-0.048,-0.030,
1989,11,-0.031,-0.039,
1989,12,-0.032,-0.056,
1990,1,-0.062,-0.062,
1990,2,-0.106,-0.065,
1990,3,-0.079,-0.073,
1990,4,-0.047,-0.072,
1990,5,-0.070,-0.066,
1990,6,-0.057,-0.068,
1990,7,-0.078,-0.069,
1990,8,-0.086,-0.058,
1990,9,-0.054,-0.048,
1990,10,-0.014,-0.041,
1990,11,-0.010,-0.018,
1990,12,-0.039,-0.008,
1991,1,0.030,-0.018,
1991,2,-0.008,-0.026,
1991,3,-0.062,-0.028,
1991,4,-0.052,-0.036,
1991,5,-0.048,-0.037,
1991,6,-0.011,-0.028,
1991,7,-0.011,-0.026,
1991,8,-0.018,-0.024,
1991,9,-0.044,-0.025,
1991,10,-0.034,-0.027,
1991,11,-0.018,-0.017,
1991,12,-0.020,0.003,
1992,1,0.031,0.023,
1992,2,0.057,0.037,
1992,3,0.066,0.043,
1992,4,0.051,0.039,
1992,5,0.007,0.027,
1992,6,0.012,0.007,
1992,7,-0.004,-0.002,
1992,8,-0.032,0.002,
1992,9,0.009,0.018,
1992,10,0.027,0.034,
1992,11,0.089,0.049,
1992,12,0.075,0.053,
1993,1,0.045,0.058,
1993,2,0.030,0.055,
1993,3,0.051,0.052,
1993,4,0.074,0.053,
1993,5,0.060,0.053,
1993,6,0.051,0.043,
1993,7,0.028,0.024,
1993,8,0.003,0.009,
1993,9,-0.020,-0.015,
1993,10,-0.018,-0.032,
1993,11,-0.069,-0.038,
1993,12,-0.058,-0.046,
1994,1,-0.027,-0.056,
1994,2,-0.058,-0.048,
1994,3,-0.070,-0.034,
1994,4,-0.026,-0.025,
1994,5,0.009,-0.008,
1994,6,0.021,0.010,
1994,7,0.025,0.015,
1994,8,0.023,0.017,
1994,9,-0.002,0.004,
1994,10,0.017,-0.007,
1994,11,-0.044,-0.012,
1994,12,-0.027,-0.007,
1995,1,-0.005,0.006,
1995,2,0.022,0.034,
1995,3,0.086,0.041,
1995,4,0.094,0.056,
1995,5,0.010,0.064,
1995,6,0.068,0.045,
1995,7,0.063,0.031,
1995,8,-0.009,0.033,
1995,9,0.023,0.031,
1995,10,0.022,0.038,
1995,11,0.059,0.050,
1995,12,0.094,0.048,
1996,1,0.054,0.050,
1996,2,0.014,0.046,
1996,3,0.029,0.029,
1996,4,0.038,0.020,
1996,5,0.008,0.030,
1996,6,0.010,0.037,
1996,7,0.064,0.044,
1996,8,0.063,0.058,
1996,9,0.073,0.067,
1996,10,0.081,0.057,
1996,11,0.052,0.048,
1996,12,0.018,0.042,
1997,1,0.017,0.038,
1997,2,0.043,0.037,
1997,3,0.059,0.042,
1997,4,0.046,0.040,
1997,5,0.044,0.031,
1997,6,0.009,0.024,
1997,7,-0.006,0.017,
1997,8,0.028,0.007,
1997,9,0.011,-0.002,
1997,10,-0.007,-0.004,
1997,11,-0.038,-0.010,
1997,12,-0.012,-0.020,
1998,1,-0.005,-0.018,
1998,2,-0.036,-0.016,
1998,3,0.000,-0.020,
1998,4,-0.027,-0.038,
1998,5,-0.034,-0.048,
1998,6,-0.095,-0.054,
1998,7,-0.085,-0.053,
1998,8,-0.030,-0.062,
1998,9,-0.021,-0.056,
1998,10,-0.080,-0.052,
1998,11,-0.062,-0.056,
1998,12,-0.065,-0.063,
1999,1,-0.052,-0.055,
1999,2,-0.056,-0.053,
1999,3,-0.039,-0.045,
1999,4,-0.051,-0.039,
1999,5,-0.027,-0.038,
1999,6,-0.021,-0.032,
1999,7,-0.050,-0.017,
1999,8,-0.011,-0.015,
1999,9,0.023,-0.010,
1999,10,-0.016,-0.004,
1999,11,0.005,-0.019,
1999,12,-0.021,-0.039,
2000,1,-0.085,-0.048,
2000,2,-0.078,-0.059,
2000,3,-0.060,-0.057,
2000,4,-0.050,-0.042,
2000,5,-0.012,-0.037,
2000,6,-0.007,-0.041,
2000,7,-0.053,-0.042,
2000,8,-0.084,-0.059,
2000,9,-0.056,-0.071,
2000,10,-0.093,-0.065,
2000,11,-0.070,-0.054,
2000,12,-0.020,-0.042,
2001,1,-0.030,-0.034,
2001,2,0.002,-0.026,
2001,3,-0.054,-0.022,
2001,4,-0.029,-0.014,
2001,5,-0.001,-0.010,
2001,6,0.011,0.001,
2001,7,0.021,0.003,
2001,8,0.002,-0.010,
2001,9,-0.020,-0.019,
2001,10,-0.063,-0.027,
2001,11,-0.038,-0.030,
2001,12,-0.015,-0.041,
2002,1,-0.014,-0.038,
2002,2,-0.076,-0.032,
2002,3,-0.049,-0.030,
2002,4,-0.006,-0.033,
2002,5,-0.005,-0.030,
2002,6,-0.028,-0.033,
2002,7,-0.063,-0.032,
2002,8,-0.063,-0.034,
2002,9,0.001,-0.035,
2002,10,-0.019,-0.027,
2002,11,-0.029,-0.010,
2002,12,-0.023,-0.015,
2003,1,0.020,0.000,
2003,2,-0.024,0.011,
2003,3,0.057,0.031,
2003,4,0.026,0.046,
2003,5,0.078,0.060,
2003,6,0.092,0.060,
2003,7,0.048,0.077,
2003,8,0.058,0.073,
2003,9,0.107,0.056,
2003,10,0.059,0.044,
2003,11,0.010,0.038,
2003,12,-0.013,0.027,
2004,1,0.028,0.017,
2004,2,0.053,0.026,
2004,3,0.009,0.051,
2004,4,0.052,0.058,
2004,5,0.112,0.048,
2004,6,0.065,0.050,
2004,7,0.004,0.051,
2004,8,0.018,0.045,
2004,9,0.054,0.044,
2004,10,0.084,0.048,
2004,11,0.061,0.048,
2004,12,0.021,0.051,
2005,1,0.022,0.050,
2005,2,0.068,0.041,
2005,3,0.076,0.048,
2005,4,0.016,0.048,
2005,5,0.059,0.029,
2005,6,0.020,0.009,
2005,7,-0.025,0.008,
2005,8,-0.023,-0.012,
2005,9,0.007,-0.021,
2005,10,-0.038,-0.010,
2005,11,-0.026,0.000,
2005,12,0.031,0.004,
2006,1,0.028,0.018,
2006,2,0.025,0.020,
2006,3,0.031,0.014,
2006,4,-0.018,0.010,
2006,5,0.005,0.017,
2006,6,0.008,0.025,
2006,7,0.057,0.027,
2006,8,0.071,0.034,
2006,9,-0.005,0.045,
2006,10,0.041,0.033,
2006,11,0.061,0.014,
2006,12,-0.005,0.012,
2007,1,-0.022,0.009,
2007,2,-0.017,-0.003,
2007,3,0.027,-0.005,
2007,4,0.002,-0.006,
2007,5,-0.014,0.000,
2007,6,-0.028,-0.002,
2007,7,0.014,-0.011,
2007,8,0.014,-0.021,
2007,9,-0.043,-0.010,
2007,10,-0.063,-0.010,
2007,11,0.029,-0.020,
2007,12,0.014,-0.015,
2008,1,-0.035,-0.010,
2008,2,-0.023,-0.021,
2008,3,-0.035,-0.021,
2008,4,-0.027,-0.010,
2008,5,0.016,0.002,
2008,6,0.020,0.010,
2008,7,0.037,0.012,
2008,8,0.007,0.003,
2008,9,-0.019,-0.004,
2008,10,-0.032,-0.017,
2008,11,-0.014,-0.030,
2008,12,-0.025,-0.042,
2009,1,-0.058,-0.050,
2009,2,-0.080,-0.064,
2009,3,-0.070,-0.073,
2009,4,-0.084,-0.073,
2009,5,-0.074,-0.068,
2009,6,-0.058,-0.058,
2009,7,-0.053,-0.047,
2009,8,-0.022,-0.044,
2009,9,-0.029,-0.049,
2009,10,-0.059,-0.051,
2009,11,-0.084,-0.057,
2009,12,-0.060,-0.064,
2010,1,-0.051,-0.068,
2010,2,-0.065,-0.068,
2010,3,-0.079,-0.061,
2010,4,-0.083,-0.056,
2010,5,-0.027,-0.039,
2010,6,-0.024,-0.029,
2010,7,0.016,-0.016,
2010,8,-0.026,-0.014,
2010,9,-0.021,-0.017,
2010,10,-0.017,-0.018,
2010,11,-0.038,-0.013,
2010,12,0.014,-0.015,
2011,1,-0.004,-0.021,
2011,2,-0.028,-0.011,
2011,3,-0.047,-0.012,
2011,4,0.011,-0.009,
2011,5,0.009,-0.002,
2011,6,0.011,0.004,
2011,7,0.004,-0.008,
2011,8,-0.014,-0.017,
2011,9,-0.050,-0.031,
2011,10,-0.038,-0.051,
2011,11,-0.057,-0.062,
2011,12,-0.098,-0.066,
2012,1,-0.068,-0.064,
2012,2,-0.068,-0.054,
2012,3,-0.029,-0.038,
2012,4,-0.005,-0.036,
2012,5,-0.018,-0.036,
2012,6,-0.058,-0.053,
2012,7,-0.070,-0.069,
2012,8,-0.115,-0.079,
2012,9,-0.084,-0.071,
2012,10,-0.068,-0.063,
2012,11,-0.019,-0.047,
2012,12,-0.026,-0.040,
2013,1,-0.039,-0.034,
2013,2,-0.048,-0.046,
2013,3,-0.037,-0.045,
2013,4,-0.078,-0.037,
2013,5,-0.022,-0.037,
2013,6,0.002,-0.036,
2013,7,-0.047,-0.023,
2013,8,-0.037,-0.020,
2013,9,-0.010,-0.027,
2013,10,-0.006,-0.026,
2013,11,-0.034,-0.021,
2013,12,-0.042,-0.025,
2014,1,-0.012,-0.028,
2014,2,-0.029,-0.025,
2014,3,-0.021,-0.026,
2014,4,-0.022,-0.017,
2014,5,-0.044,-0.010,
2014,6,0.031,0.002,
2014,7,0.005,0.018,
2014,8,0.042,0.030,
2014,9,0.058,0.018,
2014,10,0.017,0.015,
2014,11,-0.030,0.005,
2014,12,-0.009,0.002,
2015,1,-0.011,-0.000,
2015,2,0.042,0.014,
2015,3,0.006,0.026,
2015,4,0.043,0.028,
2015,5,0.047,0.014,
2015,6,0.001,0.006,
2015,7,-0.029,-0.007,
2015,8,-0.034,-0.011,
2015,9,-0.018,-0.013,
2015,10,0.024,-0.006,
2015,11,-0.007,0.005,
2015,12,0.005,0.020,
2016,1,0.021,0.018,
2016,2,0.058,0.031,
2016,3,0.014,0.040,
2016,4,0.056,0.045,
2016,5,0.052,0.039,
2016,6,0.046,0.042,
2016,7,0.026,0.040,
2016,8,0.028,0.037,
2016,9,0.049,0.033,
2016,10,0.038,0.037,
2016,11,0.025,0.037,
2016,12,0.046,0.038,
2017,1,0.028,0.046,
2017,2,0.054,0.073,
2017,3,0.077,0.090,
2017,4,0.161,0.099,
2017,5,0.131,0.101,
2017,6,0.073,0.114,
2017,7,0.065,0.091,
2017,8,0.138,0.074,
2017,9,0.050,0.071,
2017,10,0.042,0.076,
2017,11,0.062,0.056,
2017,12,0.086,0.044,
2018,1,0.037,0.032,
2018,2,-0.006,0.019,
2018,3,-0.017,-0.002,
2018,4,-0.007,-0.006,
2018,5,-0.018,0.000,
2018,6,0.021,0.007,
2018,7,0.023,0.009,
2018,8,0.014,0.017,
2018,9,0.006,0.006,
2018,10,0.022,-0.006,
2018,11,-0.036,-0.016,
2018,12,-0.036,-0.029,
2019,1,-0.034,-0.042,
2019,2,-0.060,-0.040,
2019,3,-0.045,-0.029,
2019,4,-0.023,-0.027,
2019,5,0.020,-0.010,
2019,6,-0.028,0.005,
2019,7,0.029,0.012,
2019,8,0.028,0.019,
2019,9,0.009,0.042,
2019,10,0.059,0.054,
2019,11,0.085,0.055,
2019,12,0.091,0.048,
2020,1,0.032,0.045,
2020,2,-0.025,0.038,
2020,3,0.041,0.034,
2020,4,0.050,0.053,
2020,5,0.073,0.086,
2020,6,0.127,0.094,
2020,7,0.138,0.099,
2020,8,0.083,0.106,
2020,9,0.075,0.095,
2020,10,0.109,0.083,
2020,11,0.067,0.076,
2020,12,0.082,0.073,
2021,1,0.044,0.055,
2021,2,0.060,0.043,
2021,3,0.020,0.025,
2021,4,0.010,0.018,
2021,5,-0.008,-0.001,
2021,6,0.007,-0.009,
2021,7,-0.033,-0.023,
2021,8,-0.021,-0.033,
2021,9,-0.058,-0.042,
2021,10,-0.062,-0.039,
2021,11,-0.037,-0.041,
2021,12,-0.015,-0.031,
2022,1,-0.034,-0.025,
2022,2,-0.009,-0.023,
2022,3,-0.030,-0.023,
2022,4,-0.028,-0.031,
2022,5,-0.014,-0.046,
2022,6,-0.072,-0.053,
2022,7,-0.086,-0.052,
2022,8,-0.063,-0.049,
2022,9,-0.023,-0.045,
2022,10,-0.003,-0.031,
2022,11,-0.048,-0.025,
2022,12,-0.018,-0.032,
2023,1,-0.031,-0.036,
2023,2,-0.061,-0.034,
2023,3,-0.021,-0.047,
2023,4,-0.038,-0.054,
2023,5,-0.084,-0.036,
2023,6,-0.066,-0.023,
2023,7,0.032,-0.015,
2023,8,0.040,0.013,
2023,9,0.004,0.032,
2023,10,0.056,0.025,
2023,11,0.029,0.026,
2023,12,-0.005,0.028,
2024,1,0.048,0.020,
2024,2,0.011,0.018,
2024,3,0.020,0.030,
2024,4,0.018,0.027,
2024,5,0.051,0.042,
2024,6,0.035,0.055,
2024,7,0.086,0.071,
2024,8,0.085,0.072,
2024,9,0.096,0.069,
2024,10,0.060,
2024,11,0.016,
