Interannual variation of monthly mean sea level and the 5-month centered average.
The values are in meters.  The average seasonal cycle and the relative sea level trend have been removed.
Column values are the Year; Month; Interannual Variation; and the 5-month centered average of the Interannual Variation.
Product of NOAAs National Ocean Service / Center for Operational Oceanographic Products and Services (CO-OPS)

Year, Month, Interannual_Variation, Five_Month_Average
1988,4,-0.017,
1988,5,-0.013,
1988,6,-0.041,-0.014,
1988,7,-0.014,-0.013,
1988,8,0.014,-0.008,
1988,9,-0.013,0.008,
1988,10,0.013,0.010,
1988,11,0.041,0.003,
1988,12,-0.007,0.014,
1989,1,-0.017,0.028,
1989,2,0.039,
1989,3,0.083,
1989,9,0.033,
1989,10,0.034,
1989,11,0.056,0.022,
1989,12,-0.019,0.020,
1990,1,0.005,0.015,
1990,2,0.022,0.008,
1990,3,0.009,
1990,4,0.023,
1991,2,0.017,
1991,3,-0.050,
1992,1,0.069,
1992,2,0.057,
1992,3,0.066,0.053,
1992,4,0.043,0.046,
1992,5,0.028,0.038,
1992,6,0.034,0.014,
1992,7,0.018,0.002,
1992,8,-0.052,0.003,
1992,9,-0.018,0.007,
1992,10,0.032,0.013,
1992,11,0.054,0.035,
1992,12,0.050,0.042,
1993,1,0.056,0.045,
1993,2,0.017,0.056,
1993,3,0.048,0.056,
1993,4,0.109,0.055,
1993,5,0.051,0.066,
1993,6,0.051,0.051,
1993,7,0.070,0.034,
1993,8,-0.027,0.025,
1993,9,0.027,0.004,
1993,10,0.004,-0.010,
1993,11,-0.053,-0.009,
1993,12,-0.003,-0.014,
1994,1,-0.020,-0.016,
1994,2,0.001,-0.009,
1994,3,-0.005,-0.017,
1994,4,-0.016,-0.018,
1994,5,-0.046,-0.017,
1994,6,-0.022,-0.008,
1994,7,0.004,-0.014,
1994,8,0.039,-0.012,
1994,9,-0.044,-0.022,
1994,10,-0.039,-0.035,
1994,11,-0.068,-0.053,
1994,12,-0.064,-0.046,
1995,1,-0.051,-0.030,
1995,2,-0.010,-0.001,
1995,3,0.042,0.007,
1995,4,0.079,0.017,
1995,5,-0.023,0.018,
1995,6,-0.001,0.002,
1995,7,-0.008,-0.015,
1995,8,-0.039,-0.019,
1995,9,-0.003,-0.016,
1995,10,-0.045,-0.018,
1995,11,0.017,-0.007,
1995,12,-0.023,-0.003,
1996,1,0.018,0.010,
1996,2,0.020,0.003,
1996,3,0.017,-0.003,
1996,4,-0.018,-0.004,
1996,5,-0.051,0.004,
1996,6,0.010,0.007,
1996,7,0.060,0.024,
1996,8,0.033,0.044,
1996,9,0.071,0.051,
1996,10,0.046,0.053,
1996,11,0.044,0.058,
1996,12,0.072,0.057,
1997,1,0.058,0.058,
1997,2,0.065,0.050,
1997,3,0.049,0.044,
1997,4,0.006,0.033,
1997,5,0.043,0.021,
1997,6,0.004,0.022,
1997,7,0.004,0.015,
1997,8,0.054,0.005,
1997,9,-0.033,-0.013,
1997,10,-0.006,-0.005,
1997,11,-0.086,
1997,12,0.043,
1999,1,-0.042,
1999,2,-0.106,
1999,3,0.013,-0.032,
1999,4,0.006,-0.030,
1999,5,-0.034,-0.018,
1999,6,-0.031,-0.025,
1999,7,-0.046,-0.022,
1999,8,-0.020,-0.030,
1999,9,0.020,-0.020,
1999,10,-0.071,-0.006,
1999,11,0.019,-0.029,
1999,12,0.020,-0.058,
2000,1,-0.132,-0.060,
2000,2,-0.123,-0.083,
2000,3,-0.083,-0.093,
2000,4,-0.098,-0.073,
2000,5,-0.028,-0.072,
2000,6,-0.034,-0.070,
2000,7,-0.115,-0.070,
2000,8,-0.077,-0.079,
2000,9,-0.094,-0.093,
2000,10,-0.073,-0.089,
2000,11,-0.108,-0.078,
2000,12,-0.092,-0.068,
2001,1,-0.022,-0.060,
2001,2,-0.045,-0.046,
2001,3,-0.033,-0.036,
2001,4,-0.039,-0.024,
2001,5,-0.043,-0.009,
2001,6,0.039,0.000,
2001,7,0.032,0.015,
2001,8,0.013,0.026,
2001,9,0.034,0.016,
2001,10,0.010,0.004,
2001,11,-0.007,-0.001,
2001,12,-0.029,-0.013,
2002,1,-0.011,-0.017,
2002,2,-0.025,-0.014,
2002,3,-0.014,-0.013,
2002,4,0.011,-0.016,
2002,5,-0.026,-0.025,
2002,6,-0.024,-0.026,
2002,7,-0.073,-0.035,
2002,8,-0.019,-0.036,
2002,9,-0.034,-0.029,
2002,10,-0.028,-0.020,
2002,11,0.010,-0.010,
2002,12,-0.031,-0.010,
2003,1,0.035,-0.009,
2003,2,-0.037,-0.021,
2003,3,-0.025,-0.021,
2003,4,-0.046,-0.027,
2003,5,-0.033,-0.026,
2003,6,0.006,-0.020,
2003,7,-0.031,-0.002,
2003,8,0.002,0.006,
2003,9,0.047,0.000,
2003,10,0.007,0.006,
2003,11,-0.025,0.006,
2003,12,-0.003,0.012,
2004,1,0.006,0.022,
2004,2,0.074,0.041,
2004,3,0.057,0.064,
2004,4,0.070,0.081,
2004,5,0.116,0.077,
2004,6,0.087,0.079,
2004,7,0.056,0.078,
2004,8,0.066,0.060,
2004,9,0.062,0.054,
2004,10,0.026,0.049,
2004,11,0.057,0.046,
2004,12,0.034,0.049,
2005,1,0.048,0.052,
2005,2,0.077,0.048,
2005,3,0.041,0.045,
2005,4,0.042,0.040,
2005,5,0.018,0.033,
2005,6,0.022,0.026,
2005,7,0.045,0.014,
2005,8,0.002,-0.002,
2005,9,-0.014,-0.017,
2005,10,-0.067,-0.022,
2005,11,-0.051,-0.024,
2005,12,0.018,-0.018,
2006,1,-0.008,-0.002,
2006,2,0.018,0.011,
2006,3,0.016,-0.005,
2006,4,0.013,-0.010,
2006,5,-0.066,-0.023,
2006,6,-0.033,-0.027,
2006,7,-0.042,-0.035,
2006,8,-0.008,-0.017,
2006,9,-0.026,-0.008,
2006,10,0.022,0.012,
2006,11,0.015,0.014,
2006,12,0.056,0.015,
2007,1,0.001,0.019,
2007,2,-0.019,0.022,
2007,3,0.042,0.007,
2007,4,0.029,0.006,
2007,5,-0.016,0.014,
2007,6,-0.004,0.005,
2007,7,0.021,0.006,
2007,8,-0.004,0.010,
2007,9,0.033,0.011,
2007,10,0.004,0.011,
2007,11,-0.001,0.015,
2007,12,0.023,0.002,
2008,1,0.014,0.002,
2008,2,-0.031,0.003,
2008,3,0.006,-0.003,
2008,4,0.001,-0.010,
2008,5,-0.006,0.002,
2008,6,-0.018,-0.006,
2008,7,0.025,-0.008,
2008,8,-0.031,-0.007,
2008,9,-0.010,-0.009,
2008,10,-0.002,-0.014,
2008,11,-0.026,-0.010,
2008,12,-0.002,-0.016,
2009,1,-0.009,-0.033,
2009,2,-0.040,-0.048,
2009,3,-0.086,-0.057,
2009,4,-0.104,-0.061,
2009,5,-0.047,-0.059,
2009,6,-0.026,-0.034,
2009,7,-0.031,-0.028,
2009,8,0.037,-0.040,
2009,9,-0.075,-0.065,
2009,10,-0.106,-0.076,
2009,11,-0.148,-0.088,
2009,12,-0.089,-0.079,
2010,1,-0.021,-0.079,
2010,2,-0.033,-0.067,
2010,3,-0.105,-0.053,
2010,4,-0.086,-0.066,
2010,5,-0.022,-0.064,
2010,6,-0.086,-0.049,
2010,7,-0.020,-0.035,
2010,8,-0.032,-0.025,
2010,9,-0.017,-0.001,
2010,10,0.032,0.008,
2010,11,0.032,0.017,
2010,12,0.024,0.016,
2011,1,0.014,0.010,
2011,2,-0.020,-0.001,
2011,3,0.001,-0.008,
2011,4,-0.024,-0.015,
2011,5,-0.012,-0.022,
2011,6,-0.018,-0.028,
2011,7,-0.055,-0.036,
2011,8,-0.031,-0.038,
2011,9,-0.062,-0.041,
2011,10,-0.022,-0.052,
2011,11,-0.033,-0.057,
2011,12,-0.112,-0.054,
2012,1,-0.055,-0.064,
2012,2,-0.050,-0.056,
2012,3,-0.073,-0.027,
2012,4,0.008,-0.032,
2012,5,0.036,-0.028,
2012,6,-0.080,-0.042,
2012,7,-0.029,-0.072,
2012,8,-0.147,-0.094,
2012,9,-0.138,-0.090,
2012,10,-0.074,-0.096,
2012,11,-0.062,-0.066,
2012,12,-0.060,-0.039,
2013,1,0.007,-0.032,
2013,2,-0.007,-0.037,
2013,3,-0.039,-0.030,
2013,4,-0.083,-0.037,
2013,5,-0.027,-0.048,
2013,6,-0.026,-0.056,
2013,7,-0.066,-0.040,
2013,8,-0.078,-0.043,
2013,9,-0.003,-0.041,
2013,10,-0.043,-0.022,
2013,11,-0.014,-0.014,
2013,12,0.030,-0.021,
2014,1,-0.041,-0.013,
2014,2,-0.036,-0.019,
2014,3,-0.007,-0.038,
2014,4,-0.043,-0.020,
2014,5,-0.062,-0.015,
2014,6,0.049,-0.003,
2014,7,-0.011,0.010,
2014,8,0.050,0.027,
2014,9,0.024,0.022,
2014,10,0.024,0.013,
2014,11,0.025,0.000,
2014,12,-0.058,-0.001,
2015,1,-0.013,0.002,
2015,2,0.017,0.017,
2015,3,0.040,0.024,
2015,4,0.098,0.026,
2015,5,-0.020,0.009,
2015,6,-0.004,-0.001,
2015,7,-0.071,-0.008,
2015,8,-0.011,0.010,
2015,9,0.063,0.020,
2015,10,0.072,0.028,
2015,11,0.044,0.021,
2015,12,-0.027,0.003,
2016,1,-0.047,-0.006,
2016,2,-0.026,-0.005,
2016,3,0.023,0.017,
2016,4,0.053,0.034,
2016,5,0.080,0.035,
2016,6,0.043,0.039,
2016,7,-0.024,0.039,
2016,8,0.043,0.034,
2016,9,0.052,0.035,
2016,10,0.056,0.061,
2016,11,0.047,0.060,
2016,12,0.105,0.070,
2017,1,0.039,0.080,
2017,2,0.101,0.084,
2017,3,0.110,0.082,
2017,4,0.066,0.080,
2017,5,0.092,0.077,
2017,6,0.028,0.076,
2017,7,0.089,0.076,
2017,8,0.104,0.074,
2017,9,0.068,0.083,
2017,10,0.079,0.074,
2017,11,0.076,0.062,
2017,12,0.044,0.056,
2018,1,0.042,0.033,
2018,2,0.040,0.024,
2018,3,-0.036,0.020,
2018,4,0.029,0.021,
2018,5,0.024,0.022,
2018,6,0.049,0.032,
2018,7,0.045,0.046,
2018,8,0.015,0.052,
2018,9,0.096,0.035,
2018,10,0.056,0.019,
2018,11,-0.037,0.003,
2018,12,-0.033,-0.037,
2019,1,-0.068,-0.058,
2019,2,-0.102,-0.043,
2019,3,-0.052,-0.034,
2019,4,0.041,-0.025,
2019,5,0.012,0.017,
2019,6,-0.023,0.040,
2019,7,0.108,0.042,
2019,8,0.060,0.059,
2019,9,0.051,0.080,
2019,10,0.097,0.079,
2019,11,0.084,0.087,
2019,12,0.104,0.083,
2020,1,0.100,0.078,
2020,2,0.032,0.058,
2020,3,0.071,0.053,
2020,4,-0.017,0.055,
2020,5,0.080,0.071,
2020,6,0.109,0.082,
2020,7,0.112,0.085,
2020,8,0.126,0.077,
2020,9,-0.004,0.076,
2020,10,0.042,0.070,
2020,11,0.105,0.062,
2020,12,0.081,0.083,
2021,1,0.088,0.077,
2021,2,0.099,0.057,
2021,3,0.011,0.049,
2021,4,0.004,0.019,
2021,5,0.044,-0.009,
2021,6,-0.062,-0.019,
2021,7,-0.041,-0.027,
2021,8,-0.039,-0.056,
2021,9,-0.039,-0.053,
2021,10,-0.099,-0.046,
2021,11,-0.049,-0.043,
2021,12,-0.004,-0.036,
2022,1,-0.024,-0.025,
2022,2,-0.005,-0.034,
2022,3,-0.040,-0.038,
2022,4,-0.095,-0.038,
2022,5,-0.023,-0.055,
2022,6,-0.027,-0.062,
2022,7,-0.092,-0.060,
2022,8,-0.074,-0.061,
2022,9,-0.085,-0.063,
2022,10,-0.025,-0.063,
2022,11,-0.037,-0.061,
2022,12,-0.091,-0.044,
2023,1,-0.068,-0.059,
2023,2,0.000,-0.067,
2023,3,-0.102,-0.062,
2023,4,-0.076,-0.048,
2023,5,-0.064,-0.038,
2023,6,-0.000,-0.017,
2023,7,0.053,0.003,
2023,8,0.001,0.023,
2023,9,0.025,0.036,
2023,10,0.037,0.030,
2023,11,0.065,0.043,
2023,12,0.022,0.043,
2024,1,0.067,0.048,
2024,2,0.026,0.048,
2024,3,0.061,0.047,
2024,4,0.064,0.045,
2024,5,0.017,0.062,
2024,6,0.056,0.067,
2024,7,0.110,0.062,
2024,8,0.088,0.059,
2024,9,0.039,0.048,
2024,10,0.004,
2024,11,-0.002,
