Interannual variation of monthly mean sea level and the 5-month centered average.
The values are in meters.  The average seasonal cycle and the relative sea level trend have been removed.
Column values are the Year; Month; Interannual Variation; and the 5-month centered average of the Interannual Variation.
Product of NOAAs National Ocean Service / Center for Operational Oceanographic Products and Services (CO-OPS)

Year, Month, Interannual_Variation, Five_Month_Average
1946,7,0.017,
1946,8,0.013,
1946,9,0.039,0.020,
1946,10,0.011,0.019,
1946,11,0.019,0.024,
1946,12,0.015,0.027,
1947,1,0.036,0.037,
1947,2,0.054,0.044,
1947,3,0.061,0.042,
1947,4,0.055,0.039,
1947,5,0.004,0.027,
1947,6,0.021,0.018,
1947,7,-0.006,0.006,
1947,8,0.014,0.011,
1947,9,-0.003,0.019,
1947,10,0.027,0.038,
1947,11,0.062,
1947,12,0.092,
1948,2,-0.003,
1948,3,-0.041,
1948,4,-0.023,-0.005,
1948,5,0.024,0.001,
1948,6,0.016,0.013,
1948,7,0.029,0.041,
1948,8,0.021,0.055,
1948,9,0.114,0.056,
1948,10,0.096,0.065,
1948,11,0.018,0.055,
1948,12,0.074,0.036,
1949,1,-0.029,0.019,
1949,2,0.022,0.018,
1949,3,0.011,0.017,
1949,4,0.009,0.027,
1949,5,0.070,0.031,
1949,6,0.024,0.038,
1949,7,0.039,0.043,
1949,8,0.050,0.032,
1949,9,0.033,0.038,
1949,10,0.017,0.034,
1949,11,0.052,0.029,
1949,12,0.017,0.018,
1950,1,0.027,0.014,
1950,2,-0.023,0.000,
1950,3,-0.003,-0.004,
1950,4,-0.018,-0.020,
1950,5,-0.002,-0.022,
1950,6,-0.055,-0.017,
1950,7,-0.033,0.000,
1950,8,0.023,
1950,9,0.070,
1950,11,0.060,
1950,12,0.165,
1951,1,0.002,0.051,
1951,2,0.027,0.042,
1951,3,-0.002,0.006,
1951,4,0.017,0.005,
1951,5,-0.016,-0.005,
1951,6,0.001,-0.009,
1951,7,-0.027,-0.022,
1951,8,-0.021,-0.034,
1951,9,-0.048,-0.043,
1951,10,-0.073,-0.049,
1951,11,-0.049,-0.062,
1951,12,-0.057,-0.066,
1952,1,-0.082,-0.070,
1952,2,-0.069,-0.072,
1952,3,-0.092,-0.070,
1952,4,-0.061,-0.054,
1952,5,-0.048,-0.033,
1952,6,-0.001,-0.007,
1952,7,0.038,0.012,
1952,8,0.038,0.038,
1952,9,0.033,0.041,
1952,10,0.080,0.034,
1952,11,0.016,0.032,
1952,12,0.002,0.030,
1953,1,0.029,0.017,
1953,2,0.020,0.016,
1953,3,0.019,0.024,
1953,4,0.010,0.030,
1953,5,0.044,0.032,
1953,6,0.057,0.036,
1953,7,0.030,0.035,
1953,8,0.039,0.023,
1953,9,0.006,0.012,
1953,10,-0.019,0.009,
1953,11,0.002,0.015,
1953,12,0.019,0.017,
1954,1,0.069,0.019,
1954,2,0.015,0.025,
1954,3,-0.011,0.015,
1954,4,0.032,-0.014,
1954,5,-0.031,-0.035,
1954,6,-0.076,-0.034,
1954,7,-0.091,-0.032,
1954,8,-0.006,-0.017,
1954,9,0.044,-0.005,
1954,10,0.043,0.021,
1954,11,-0.016,0.040,
1954,12,0.041,0.048,
1955,1,0.086,0.050,
1955,2,0.086,0.054,
1955,3,0.051,0.037,
1955,4,0.006,0.014,
1955,5,-0.042,-0.006,
1955,6,-0.029,-0.008,
1955,7,-0.014,0.005,
1955,8,0.041,0.023,
1955,9,0.068,0.044,
1955,10,0.047,0.079,
1955,11,0.077,0.094,
1955,12,0.161,0.083,
1956,1,0.114,0.075,
1956,2,0.017,0.055,
1956,3,0.007,0.019,
1956,4,-0.024,-0.011,
1956,5,-0.020,-0.016,
1956,6,-0.034,-0.012,
1956,7,-0.010,-0.005,
1956,8,0.027,0.004,
1956,9,0.014,0.019,
1956,10,0.024,0.032,
1956,11,0.038,0.024,
1956,12,0.055,0.024,
1957,1,-0.010,0.014,
1957,2,0.012,0.000,
1957,3,-0.026,-0.011,
1957,4,-0.029,-0.009,
1957,5,-0.001,-0.016,
1957,6,0.000,-0.016,
1957,7,-0.024,-0.017,
1957,8,-0.024,-0.036,
1957,9,-0.039,-0.059,
1957,10,-0.091,-0.089,
1957,11,-0.119,-0.111,
1957,12,-0.172,-0.116,
1958,1,-0.134,-0.103,
1958,2,-0.063,-0.078,
1958,3,-0.026,-0.046,
1958,4,0.006,-0.026,
1958,5,-0.013,-0.014,
1958,6,-0.032,-0.004,
1958,7,-0.008,-0.007,
1958,8,0.026,0.001,
1958,9,-0.008,0.006,
1958,10,0.029,0.001,
1958,11,-0.008,-0.010,
1958,12,-0.031,-0.022,
1959,1,-0.032,-0.032,
1959,2,-0.068,-0.032,
1959,3,-0.022,-0.037,
1959,4,-0.008,-0.054,
1959,5,-0.057,-0.061,
1959,6,-0.116,-0.070,
1959,7,-0.101,-0.071,
1959,8,-0.068,-0.060,
1959,9,-0.013,-0.041,
1959,10,-0.004,-0.023,
1959,11,-0.019,-0.012,
1959,12,-0.012,-0.008,
1960,1,-0.013,-0.003,
1960,2,0.009,-0.001,
1960,3,0.022,0.010,
1960,4,-0.010,0.023,
1960,5,0.041,0.027,
1960,6,0.055,0.028,
1960,7,0.028,0.041,
1960,8,0.024,0.053,
1960,9,0.055,0.059,
1960,10,0.104,0.065,
1960,11,0.081,0.074,
1960,12,0.062,0.075,
1961,1,0.068,0.063,
1961,2,0.058,0.051,
1961,3,0.044,0.047,
1961,4,0.020,0.047,
1961,5,0.045,0.044,
1961,6,0.066,0.047,
1961,7,0.044,0.061,
1961,8,0.061,
1961,9,0.087,
1961,11,0.073,
1961,12,0.024,
1962,1,0.075,0.056,
1962,2,0.071,0.050,
1962,3,0.036,0.054,
1962,4,0.043,0.052,
1962,5,0.046,0.054,
1962,6,0.064,0.061,
1962,7,0.079,0.072,
1962,8,0.072,0.081,
1962,9,0.097,0.086,
1962,10,0.091,
1962,11,0.089,
1963,1,-0.004,
1963,2,0.081,
1963,3,0.068,0.035,
1963,4,0.016,0.036,
1963,5,0.014,0.013,
1963,6,-0.002,-0.004,
1963,7,-0.033,-0.018,
1963,8,-0.016,-0.029,
1963,9,-0.054,-0.035,
1963,10,-0.039,-0.031,
1963,11,-0.035,-0.031,
1963,12,-0.011,-0.023,
1964,1,-0.015,-0.008,
1964,2,-0.015,0.004,
1964,3,0.035,0.018,
1964,4,0.026,0.027,
1964,5,0.061,0.030,
1964,6,0.026,0.026,
1964,7,0.002,0.034,
1964,8,0.016,0.028,
1964,9,0.066,0.029,
1964,10,0.032,0.029,
1964,11,0.031,0.018,
1964,12,-0.001,-0.002,
1965,1,-0.038,-0.012,
1965,2,-0.035,-0.019,
1965,3,-0.018,-0.020,
1965,4,-0.006,-0.020,
1965,5,-0.005,-0.018,
1965,6,-0.034,-0.025,
1965,7,-0.028,-0.038,
1965,8,-0.050,-0.055,
1965,9,-0.071,-0.073,
1965,10,-0.089,-0.092,
1965,11,-0.127,-0.098,
1965,12,-0.125,-0.092,
1966,1,-0.080,-0.089,
1966,2,-0.037,-0.072,
1966,3,-0.075,-0.050,
1966,4,-0.045,-0.038,
1966,5,-0.013,-0.039,
1966,6,-0.021,-0.025,
1966,7,-0.042,-0.013,
1966,8,-0.003,-0.008,
1966,9,0.016,0.002,
1966,10,0.013,0.014,
1966,11,0.027,0.019,
1966,12,0.016,0.023,
1967,1,0.024,0.029,
1967,2,0.034,0.024,
1967,3,0.042,0.014,
1967,4,0.002,0.005,
1967,5,-0.031,0.003,
1967,6,-0.023,0.003,
1967,7,0.025,0.017,
1967,8,0.040,0.039,
1967,9,0.075,0.055,
1967,10,0.077,0.055,
1967,11,0.058,0.059,
1967,12,0.023,
1968,1,0.059,
1968,4,-0.018,
1968,5,-0.106,
1968,6,-0.134,-0.088,
1968,7,-0.108,-0.096,
1968,8,-0.075,-0.078,
1968,9,-0.055,-0.057,
1968,10,-0.020,-0.045,
1968,11,-0.029,-0.046,
1968,12,-0.046,-0.055,
1969,1,-0.081,-0.076,
1969,2,-0.101,-0.086,
1969,3,-0.121,-0.089,
1969,4,-0.081,-0.090,
1969,5,-0.059,-0.083,
1969,6,-0.086,-0.067,
1969,7,-0.067,-0.055,
1969,8,-0.043,-0.058,
1969,9,-0.018,-0.056,
1969,10,-0.076,-0.048,
1969,11,-0.077,-0.039,
1969,12,-0.024,-0.033,
1970,1,0.000,-0.010,
1970,2,0.013,0.008,
1970,3,0.036,0.022,
1970,4,0.017,0.035,
1970,5,0.046,0.043,
1970,6,0.062,0.047,
1970,7,0.053,0.053,
1970,8,0.056,0.058,
1970,9,0.050,0.065,
1970,10,0.068,0.077,
1970,11,0.098,0.083,
1970,12,0.115,0.087,
1971,1,0.083,0.087,
1971,2,0.072,0.077,
1971,3,0.067,0.066,
1971,4,0.049,0.065,
1971,5,0.059,0.072,
1971,6,0.078,0.073,
1971,7,0.109,0.069,
1971,8,0.069,0.070,
1971,9,0.032,0.059,
1971,10,0.060,0.053,
1971,11,0.026,0.045,
1971,12,0.079,0.044,
1972,1,0.029,0.029,
1972,2,0.024,0.015,
1972,3,-0.014,-0.015,
1972,4,-0.041,-0.041,
1972,5,-0.074,-0.065,
1972,6,-0.101,-0.081,
1972,7,-0.095,-0.089,
1972,8,-0.092,-0.098,
1972,9,-0.083,-0.103,
1972,10,-0.119,-0.105,
1972,11,-0.126,-0.098,
1972,12,-0.106,-0.090,
1973,1,-0.058,-0.066,
1973,2,-0.039,-0.038,
1973,3,0.002,-0.002,
1973,4,0.011,0.022,
1973,5,0.075,0.042,
1973,6,0.059,0.051,
1973,7,0.065,0.053,
1973,8,0.047,0.046,
1973,9,0.016,0.047,
1973,10,0.044,0.050,
1973,11,0.061,0.054,
1973,12,0.081,0.061,
1974,1,0.068,0.069,
1974,2,0.053,0.064,
1974,3,0.081,0.048,
1974,4,0.037,0.035,
1974,5,0.003,0.028,
1974,6,0.002,0.012,
1974,7,0.014,0.017,
1974,8,0.005,0.034,
1974,9,0.063,0.055,
1974,10,0.087,0.055,
1974,11,0.105,0.056,
1974,12,0.018,0.041,
1975,1,0.005,0.024,
1975,2,-0.007,0.012,
1975,3,0.000,0.012,
1975,4,0.047,0.018,
1975,5,0.016,0.018,
1975,6,0.034,0.019,
1975,7,-0.006,0.023,
1975,8,0.006,0.041,
1975,9,0.067,0.044,
1975,10,0.104,0.063,
1975,11,0.051,0.075,
1975,12,0.089,0.069,
1976,1,0.064,0.042,
1976,2,0.037,0.026,
1976,3,-0.032,0.004,
1976,4,-0.028,-0.008,
1976,5,-0.019,-0.015,
1976,6,0.001,-0.015,
1976,7,0.001,-0.026,
1976,8,-0.028,-0.041,
1976,9,-0.087,-0.060,
1976,10,-0.090,-0.064,
1976,11,-0.095,-0.063,
1976,12,-0.019,-0.049,
1977,1,-0.023,-0.028,
1977,2,-0.018,0.003,
1977,3,0.014,0.018,
1977,4,0.060,0.031,
1977,5,0.055,0.046,
1977,6,0.045,0.047,
1977,7,0.054,0.030,
1977,8,0.022,0.009,
1977,9,-0.025,-0.001,
1977,10,-0.050,-0.020,
1977,11,-0.006,-0.034,
1977,12,-0.043,-0.027,
1978,1,-0.044,-0.010,
1978,2,0.008,0.001,
1978,3,0.037,0.023,
1978,4,0.049,0.038,
1978,5,0.065,0.035,
1978,6,0.031,0.027,
1978,7,-0.009,0.026,
1978,8,-0.001,0.016,
1978,9,0.046,0.007,
1978,10,0.015,0.003,
1978,11,-0.014,-0.015,
1978,12,-0.029,-0.040,
1979,1,-0.091,-0.048,
1979,2,-0.083,-0.052,
1979,3,-0.023,-0.051,
1979,4,-0.032,-0.033,
1979,5,-0.028,-0.009,
1979,6,0.001,0.000,
1979,7,0.038,0.008,
1979,8,0.021,0.009,
1979,9,0.010,0.010,
1979,10,-0.026,0.003,
1979,11,0.006,0.001,
1979,12,0.005,-0.001,
1980,1,0.013,0.009,
1980,2,-0.002,0.003,
1980,3,0.024,-0.008,
1980,4,-0.025,-0.014,
1980,5,-0.048,-0.025,
1980,6,-0.019,-0.037,
1980,7,-0.059,-0.033,
1980,8,-0.036,-0.021,
1980,9,-0.001,-0.026,
1980,10,0.011,-0.013,
1980,11,-0.045,0.006,
1980,12,0.008,0.010,
1981,1,0.057,0.004,
1981,2,0.017,0.022,
1981,3,-0.015,0.024,
1981,4,0.043,0.018,
1981,5,0.020,0.025,
1981,6,0.024,0.036,
1981,7,0.055,0.026,
1981,8,0.039,0.025,
1981,9,-0.006,0.020,
1981,10,0.015,0.006,
1981,11,-0.004,0.005,
1981,12,-0.012,0.004,
1982,1,0.034,-0.001,
1982,2,-0.012,-0.009,
1982,3,-0.011,-0.029,
1982,4,-0.044,-0.055,
1982,5,-0.113,-0.079,
1982,6,-0.096,-0.104,
1982,7,-0.130,-0.132,
1982,8,-0.134,-0.150,
1982,9,-0.185,-0.174,
1982,10,-0.203,-0.200,
1982,11,-0.217,-0.219,
1982,12,-0.261,-0.213,
1983,1,-0.231,-0.201,
1983,2,-0.155,-0.176,
1983,3,-0.144,-0.135,
1983,4,-0.089,-0.086,
1983,5,-0.057,-0.043,
1983,6,0.014,-0.003,
1983,7,0.059,0.029,
1983,8,0.056,0.045,
1983,9,0.072,0.046,
1983,10,0.026,0.030,
1983,11,0.016,0.015,
1983,12,-0.022,0.001,
1984,1,-0.020,0.004,
1984,2,0.005,0.000,
1984,3,0.040,0.010,
1984,4,-0.002,0.026,
1984,5,0.029,0.037,
1984,6,0.058,0.035,
1984,7,0.060,0.031,
1984,8,0.030,0.025,
1984,9,-0.021,0.018,
1984,10,-0.001,0.020,
1984,11,0.023,0.018,
1984,12,0.070,0.025,
1985,1,0.018,0.026,
1985,2,0.012,0.021,
1985,3,0.005,0.001,
1985,4,0.002,-0.014,
1985,5,-0.034,-0.032,
1985,6,-0.055,-0.045,
1985,7,-0.079,-0.054,
1985,8,-0.058,-0.053,
1985,9,-0.045,-0.041,
1985,10,-0.027,-0.039,
1985,11,0.003,-0.026,
1985,12,-0.066,-0.005,
1986,1,0.003,0.002,
1986,2,0.062,-0.002,
1986,3,0.006,-0.001,
1986,4,-0.016,-0.010,
1986,5,-0.057,-0.027,
1986,6,-0.047,-0.026,
1986,7,-0.020,-0.032,
1986,8,0.010,-0.042,
1986,9,-0.047,-0.046,
1986,10,-0.105,-0.063,
1986,11,-0.069,-0.089,
1986,12,-0.104,-0.095,
1987,1,-0.121,-0.078,
1987,2,-0.077,-0.074,
1987,3,-0.021,-0.061,
1987,4,-0.048,-0.046,
1987,5,-0.035,-0.035,
1987,6,-0.049,-0.035,
1987,7,-0.022,-0.043,
1987,8,-0.019,-0.064,
1987,9,-0.089,-0.074,
1987,10,-0.141,-0.091,
1987,11,-0.099,-0.112,
1987,12,-0.109,-0.110,
1988,1,-0.123,-0.084,
1988,2,-0.079,-0.061,
1988,3,-0.011,-0.025,
1988,4,0.020,0.006,
1988,5,0.067,0.022,
1988,6,0.034,0.019,
1988,7,0.000,0.026,
1988,8,-0.027,0.026,
1988,9,0.058,0.042,
1988,10,0.064,0.061,
1988,11,0.116,0.072,
1988,12,0.096,0.065,
1989,1,0.028,0.052,
1989,2,0.019,0.023,
1989,3,-0.000,0.001,
1989,4,-0.025,-0.010,
1989,5,-0.016,-0.011,
1989,6,-0.026,-0.017,
1989,7,0.014,-0.016,
1989,8,-0.032,-0.020,
1989,9,-0.023,-0.014,
1989,10,-0.035,-0.011,
1989,11,0.004,-0.000,
1989,12,0.030,0.002,
1990,1,0.023,0.006,
1990,2,-0.013,0.005,
1990,3,-0.013,-0.001,
1990,4,-0.002,-0.007,
1990,5,0.001,-0.007,
1990,6,-0.010,-0.011,
1990,7,-0.010,-0.016,
1990,8,-0.034,-0.020,
1990,9,-0.025,-0.021,
1990,10,-0.022,-0.032,
1990,11,-0.013,-0.036,
1990,12,-0.064,-0.040,
1991,1,-0.058,-0.049,
1991,2,-0.040,-0.062,
1991,3,-0.069,-0.073,
1991,4,-0.077,-0.085,
1991,5,-0.123,-0.096,
1991,6,-0.115,-0.100,
1991,7,-0.094,-0.105,
1991,8,-0.091,-0.099,
1991,9,-0.100,-0.099,
1991,10,-0.094,-0.113,
1991,11,-0.113,-0.129,
1991,12,-0.166,-0.135,
1992,1,-0.170,-0.142,
1992,2,-0.133,-0.139,
1992,3,-0.129,-0.126,
1992,4,-0.098,-0.104,
1992,5,-0.101,-0.086,
1992,6,-0.059,-0.062,
1992,7,-0.041,-0.037,
1992,8,-0.012,-0.007,
1992,9,0.026,0.002,
1992,10,0.053,-0.002,
1992,11,-0.015,-0.016,
1992,12,-0.065,-0.035,
1993,1,-0.078,-0.058,
1993,2,-0.069,-0.067,
1993,3,-0.064,-0.067,
1993,4,-0.061,-0.057,
1993,5,-0.066,-0.044,
1993,6,-0.028,-0.033,
1993,7,-0.003,-0.028,
1993,8,-0.008,-0.021,
1993,9,-0.037,-0.022,
1993,10,-0.028,-0.031,
1993,11,-0.036,-0.027,
1993,12,-0.045,-0.023,
1994,1,0.009,-0.027,
1994,2,-0.013,-0.021,
1994,3,-0.048,-0.012,
1994,4,-0.008,-0.021,
1994,5,-0.001,-0.024,
1994,6,-0.034,-0.025,
1994,7,-0.030,-0.034,
1994,8,-0.053,-0.049,
1994,9,-0.051,-0.060,
1994,10,-0.078,-0.071,
1994,11,-0.088,-0.076,
1994,12,-0.086,-0.083,
1995,1,-0.075,-0.072,
1995,2,-0.088,-0.051,
1995,3,-0.023,-0.028,
1995,4,0.015,-0.014,
1995,5,0.030,0.004,
1995,6,-0.007,0.008,
1995,7,0.006,0.009,
1995,8,-0.002,0.000,
1995,9,0.017,-0.000,
1995,10,-0.012,-0.002,
1995,11,-0.011,-0.008,
1995,12,-0.005,-0.004,
1996,1,-0.027,-0.001,
1996,2,0.036,-0.004,
1996,3,-0.001,-0.002,
1996,4,-0.025,0.006,
1996,5,0.008,0.000,
1996,6,0.010,0.005,
1996,7,0.009,0.023,
1996,8,0.022,0.038,
1996,9,0.067,0.049,
1996,10,0.082,0.055,
1996,11,0.064,0.047,
1996,12,0.039,0.039,
1997,1,-0.018,0.031,
1997,2,0.030,0.008,
1997,3,0.040,-0.021,
1997,4,-0.052,-0.043,
1997,5,-0.103,-0.075,
1997,6,-0.130,-0.116,
1997,7,-0.130,-0.151,
1997,8,-0.164,-0.170,
1997,9,-0.226,-0.188,
1997,10,-0.201,-0.198,
1997,11,-0.220,-0.199,
1997,12,-0.180,-0.183,
1998,1,-0.168,-0.155,
1998,2,-0.147,-0.127,
1998,3,-0.060,-0.093,
1998,4,-0.078,-0.047,
1998,5,-0.010,-0.007,
1998,6,0.058,0.012,
1998,7,0.055,0.028,
1998,8,0.035,0.041,
1998,9,0.005,0.034,
1998,10,0.052,0.030,
1998,11,0.026,0.032,
1998,12,0.031,0.033,
1999,1,0.048,0.025,
1999,2,0.006,0.030,
1999,3,0.015,0.032,
1999,4,0.047,0.025,
1999,5,0.045,0.028,
1999,6,0.011,0.023,
1999,7,0.023,0.005,
1999,8,-0.010,-0.003,
1999,9,-0.042,0.009,
1999,10,0.003,0.016,
1999,11,0.072,0.028,
1999,12,0.055,0.037,
2000,1,0.051,0.046,
2000,2,0.003,0.039,
2000,3,0.048,0.044,
2000,4,0.037,0.050,
2000,5,0.081,0.056,
2000,6,0.082,0.047,
2000,7,0.031,0.032,
2000,8,0.005,0.021,
2000,9,-0.040,0.011,
2000,10,0.029,0.022,
2000,11,0.029,0.022,
2000,12,0.086,0.032,
2001,1,0.007,0.032,
2001,2,0.010,0.041,
2001,3,0.030,0.034,
2001,4,0.073,0.043,
2001,5,0.051,0.045,
2001,6,0.050,0.039,
2001,7,0.020,0.017,
2001,8,0.002,0.000,
2001,9,-0.040,-0.010,
2001,10,-0.031,-0.012,
2001,11,-0.001,-0.012,
2001,12,0.012,-0.012,
2002,1,0.000,-0.013,
2002,2,-0.041,-0.020,
2002,3,-0.037,-0.026,
2002,4,-0.036,-0.028,
2002,5,-0.014,-0.031,
2002,6,-0.012,-0.041,
2002,7,-0.057,-0.064,
2002,8,-0.087,-0.086,
2002,9,-0.148,-0.103,
2002,10,-0.124,-0.116,
2002,11,-0.101,-0.109,
2002,12,-0.118,-0.081,
2003,1,-0.056,-0.056,
2003,2,-0.006,-0.026,
2003,3,0.003,0.011,
2003,4,0.048,0.025,
2003,5,0.067,0.031,
2003,6,0.012,0.038,
2003,7,0.027,0.026,
2003,8,0.036,0.010,
2003,9,-0.010,0.003,
2003,10,-0.015,-0.000,
2003,11,-0.025,-0.006,
2003,12,0.013,-0.002,
2004,1,0.007,0.004,
2004,2,0.010,0.013,
2004,3,0.014,0.016,
2004,4,0.023,0.026,
2004,5,0.027,0.029,
2004,6,0.057,0.022,
2004,7,0.026,0.008,
2004,8,-0.024,-0.006,
2004,9,-0.045,-0.016,
2004,10,-0.044,-0.024,
2004,11,0.005,-0.022,
2004,12,-0.014,-0.020,
2005,1,-0.011,-0.022,
2005,2,-0.034,-0.023,
2005,3,-0.055,-0.009,
2005,4,0.001,-0.004,
2005,5,0.054,0.010,
2005,6,0.016,0.025,
2005,7,0.036,0.029,
2005,8,0.018,0.027,
2005,9,0.022,0.037,
2005,10,0.041,0.046,
2005,11,0.070,0.065,
2005,12,0.078,0.077,
2006,1,0.114,0.083,
2006,2,0.085,0.078,
2006,3,0.067,0.069,
2006,4,0.044,0.050,
2006,5,0.035,0.029,
2006,6,0.019,0.013,
2006,7,-0.020,0.000,
2006,8,-0.011,-0.014,
2006,9,-0.021,-0.024,
2006,10,-0.039,-0.029,
2006,11,-0.027,-0.025,
2006,12,-0.047,-0.017,
2007,1,0.007,-0.001,
2007,2,0.020,0.022,
2007,3,0.041,0.057,
2007,4,0.088,0.079,
2007,5,0.128,0.096,
2007,6,0.120,0.103,
2007,7,0.104,0.102,
2007,8,0.076,0.093,
2007,9,0.079,0.085,
2007,10,0.087,0.080,
2007,11,0.080,0.087,
2007,12,0.079,0.082,
2008,1,0.109,0.068,
2008,2,0.058,0.056,
2008,3,0.017,0.044,
2008,4,0.018,0.026,
2008,5,0.016,0.017,
2008,6,0.019,0.019,
2008,7,0.015,0.018,
2008,8,0.028,0.011,
2008,9,0.010,0.031,
2008,10,-0.017,0.036,
2008,11,0.117,0.037,
2008,12,0.043,0.041,
2009,1,0.031,0.048,
2009,2,0.029,0.021,
2009,3,0.019,0.007,
2009,4,-0.018,-0.003,
2009,5,-0.026,-0.009,
2009,6,-0.019,-0.016,
2009,7,-0.004,-0.020,
2009,8,-0.016,-0.030,
2009,9,-0.036,
2009,10,-0.074,
2009,12,-0.046,
2010,4,0.037,
2010,5,0.040,
2010,6,0.056,0.042,
2010,7,0.038,0.046,
2010,8,0.041,0.048,
2010,9,0.053,0.052,
2010,10,0.054,0.055,
2010,11,0.074,0.062,
2010,12,0.052,0.063,
2011,1,0.079,0.064,
2011,2,0.057,0.049,
2011,3,0.059,0.043,
2011,4,-0.002,0.035,
2011,5,0.022,0.036,
2011,6,0.037,0.035,
2011,7,0.066,0.038,
2011,8,0.051,0.043,
2011,9,0.016,0.032,
2011,10,0.044,0.034,
2011,11,-0.015,0.038,
2011,12,0.071,0.051,
2012,1,0.074,0.060,
2012,2,0.081,0.081,
2012,3,0.088,0.080,
2012,4,0.089,0.084,
2012,5,0.067,0.088,
2012,6,0.095,0.088,
2012,7,0.103,0.085,
2012,8,0.085,0.077,
2012,9,0.074,0.068,
2012,10,0.027,0.064,
2012,11,0.053,0.063,
2012,12,0.082,0.053,
2013,1,0.081,0.047,
2013,2,0.024,0.048,
2013,3,-0.003,0.040,
2013,4,0.057,0.037,
2013,5,0.039,0.037,
2013,6,0.067,0.044,
2013,7,0.028,0.042,
2013,8,0.030,0.035,
2013,9,0.045,0.024,
2013,10,0.008,0.026,
2013,11,0.010,0.028,
2013,12,0.038,0.030,
2014,1,0.042,0.033,
2014,2,0.050,0.030,
2014,3,0.025,0.013,
2014,4,-0.006,0.004,
2014,5,-0.045,-0.009,
2014,6,-0.004,-0.021,
2014,7,-0.013,-0.025,
2014,8,-0.037,-0.018,
2014,9,-0.024,-0.031,
2014,10,-0.009,-0.041,
2014,11,-0.070,-0.040,
2014,12,-0.067,-0.041,
2015,1,-0.031,-0.052,
2015,2,-0.028,-0.049,
2015,3,-0.063,-0.053,
2015,4,-0.058,-0.062,
2015,5,-0.087,-0.085,
2015,6,-0.072,-0.107,
2015,7,-0.147,-0.134,
2015,8,-0.171,-0.161,
2015,9,-0.191,-0.188,
2015,10,-0.222,-0.188,
2015,11,-0.208,-0.187,
2015,12,-0.148,-0.169,
2016,1,-0.167,-0.132,
2016,2,-0.100,-0.090,
2016,3,-0.037,-0.061,
2016,4,0.000,-0.017,
2016,5,0.001,0.017,
2016,6,0.050,0.039,
2016,7,0.074,0.059,
2016,8,0.069,0.081,
2016,9,0.103,0.082,
2016,10,0.111,0.068,
2016,11,0.054,0.062,
2016,12,0.001,0.045,
2017,1,0.040,0.022,
2017,2,0.016,0.015,
2017,3,-0.000,0.022,
2017,4,0.016,0.018,
2017,5,0.038,0.017,
2017,6,0.019,0.031,
2017,7,0.014,0.039,
2017,8,0.067,0.049,
2017,9,0.057,0.068,
2017,10,0.089,0.080,
2017,11,0.112,0.092,
2017,12,0.074,0.099,
2018,1,0.130,0.088,
2018,2,0.090,0.060,
2018,3,0.036,0.031,
2018,4,-0.030,-0.016,
2018,5,-0.072,-0.057,
2018,6,-0.102,-0.082,
2018,7,-0.115,-0.084,
2018,8,-0.091,-0.068,
2018,9,-0.041,-0.055,
2018,10,0.007,-0.045,
2018,11,-0.034,-0.031,
2018,12,-0.064,-0.028,
2019,1,-0.021,-0.029,
2019,2,-0.028,-0.018,
2019,3,0.004,0.002,
2019,4,0.021,0.026,
2019,5,0.037,0.041,
2019,6,0.095,0.043,
2019,7,0.049,0.044,
2019,8,0.013,0.043,
2019,9,0.025,0.029,
2019,10,0.031,0.025,
2019,11,0.028,0.028,
2019,12,0.027,0.022,
2020,1,0.028,0.014,
2020,2,-0.005,0.002,
2020,3,-0.009,-0.007,
2020,4,-0.028,-0.016,
2020,5,-0.019,-0.013,
2020,6,-0.018,-0.009,
2020,7,0.008,-0.002,
2020,8,0.012,0.006,
2020,9,0.008,0.021,
2020,10,0.020,0.032,
2020,11,0.055,0.045,
2020,12,0.063,0.050,
2021,1,0.077,0.046,
2021,2,0.036,0.037,
2021,3,0.002,0.030,
2021,4,0.010,0.019,
2021,5,0.026,0.015,
2021,6,0.022,0.018,
2021,7,0.013,0.030,
2021,8,0.018,0.049,
2021,9,0.070,0.064,
2021,10,0.121,0.072,
2021,11,0.097,0.079,
2021,12,0.055,0.077,
2022,1,0.051,0.067,
2022,2,0.061,0.057,
2022,3,0.073,0.044,
2022,4,0.043,0.026,
2022,5,-0.008,0.010,
2022,6,-0.037,-0.006,
2022,7,-0.023,-0.009,
2022,8,-0.005,0.003,
2022,9,0.030,0.024,
2022,10,0.052,0.040,
2022,11,0.067,0.057,
2022,12,0.057,0.062,
2023,1,0.079,0.050,
2023,2,0.058,0.035,
2023,3,-0.008,0.021,
2023,4,-0.009,0.003,
2023,5,-0.017,0.004,
2023,6,-0.008,0.019,
2023,7,0.062,0.030,
2023,8,0.065,0.027,
2023,9,0.048,0.019,
2023,10,-0.034,0.005,
2023,11,-0.047,-0.009,
2023,12,-0.005,-0.026,
2024,1,-0.008,-0.022,
2024,2,-0.035,-0.016,
2024,3,-0.013,-0.011,
2024,4,-0.018,-0.008,
2024,5,0.018,-0.003,
2024,6,0.008,-0.005,
2024,7,-0.009,-0.005,
2024,8,-0.022,-0.009,
2024,9,-0.019,-0.012,
2024,10,-0.004,
2024,11,-0.007,
