Interannual variation of monthly mean sea level and the 5-month centered average.
The values are in meters.  The average seasonal cycle and the relative sea level trend have been removed.
Column values are the Year; Month; Interannual Variation; and the 5-month centered average of the Interannual Variation.
Product of NOAAs National Ocean Service / Center for Operational Oceanographic Products and Services (CO-OPS)

Year, Month, Interannual_Variation, Five_Month_Average
1932,11,-0.071,
1932,12,-0.060,
1933,1,0.044,-0.006,
1933,2,0.029,-0.003,
1933,3,0.027,0.012,
1933,4,-0.054,0.028,
1933,5,0.014,0.013,
1933,6,0.125,-0.024,
1933,7,-0.047,-0.040,
1933,8,-0.157,-0.039,
1933,9,-0.135,-0.071,
1933,10,0.019,-0.066,
1933,11,-0.033,-0.035,
1933,12,-0.025,-0.009,
1934,1,0.000,-0.028,
1934,2,-0.005,-0.023,
1934,3,-0.079,-0.007,
1934,4,-0.007,-0.024,
1934,5,0.053,-0.020,
1934,6,-0.081,0.022,
1934,7,0.015,0.030,
1934,8,0.129,-0.005,
1934,9,0.033,-0.005,
1934,10,-0.124,0.005,
1934,11,-0.078,0.001,
1934,12,0.064,0.003,
1935,1,0.111,0.032,
1935,2,0.042,0.053,
1935,3,0.023,0.046,
1935,4,0.027,0.024,
1935,5,0.027,0.010,
1935,6,-0.001,0.004,
1935,7,-0.025,-0.024,
1935,8,-0.007,-0.049,
1935,9,-0.115,-0.056,
1935,10,-0.096,-0.054,
1935,11,-0.037,-0.056,
1935,12,-0.015,-0.042,
1936,1,-0.016,-0.033,
1936,2,-0.045,-0.035,
1936,3,-0.053,-0.047,
1936,4,-0.048,-0.057,
1936,5,-0.073,-0.043,
1936,6,-0.065,-0.043,
1936,7,0.025,-0.052,
1936,8,-0.052,-0.038,
1936,9,-0.093,-0.019,
1936,10,-0.006,-0.024,
1936,11,0.030,-0.011,
1936,12,0.001,0.020,
1937,1,0.014,0.040,
1937,2,0.063,0.044,
1937,3,0.091,0.054,
1937,4,0.050,
1937,5,0.053,
1939,6,-0.017,
1939,7,-0.055,
1939,8,-0.028,
1939,9,0.041,
1940,1,0.004,
1940,2,0.007,
1940,3,-0.059,0.002,
1940,4,-0.018,0.016,
1940,5,0.077,0.025,
1940,6,0.076,0.036,
1940,7,0.050,0.046,
1940,8,-0.002,0.030,
1940,9,0.031,-0.005,
1940,10,-0.006,-0.040,
1940,11,-0.098,-0.045,
1940,12,-0.123,-0.064,
1941,1,-0.028,-0.092,
1941,2,-0.066,-0.082,
1941,3,-0.143,
1941,4,-0.050,
1941,6,-0.118,
1941,8,0.022,
1941,9,0.060,
1941,10,-0.042,-0.023,
1941,11,-0.109,-0.044,
1941,12,-0.046,-0.020,
1942,1,-0.082,0.006,
1942,2,0.179,0.015,
1942,3,0.089,-0.013,
1942,4,-0.065,-0.004,
1942,5,-0.184,-0.039,
1942,6,-0.039,-0.035,
1942,7,0.002,-0.015,
1942,8,0.108,0.022,
1942,9,0.037,
1942,10,0.001,
1943,2,0.003,
1943,3,0.050,
1943,4,0.061,
1943,7,-0.040,
1943,8,-0.000,
1943,9,-0.008,
1943,12,-0.008,
1944,5,-0.048,
1944,6,0.008,
1944,7,-0.060,-0.021,
1944,8,-0.015,
1944,9,0.008,
1944,12,-0.126,
1945,1,-0.101,
1945,2,-0.020,-0.107,
1945,3,-0.153,-0.088,
1945,4,-0.135,-0.068,
1945,5,-0.029,-0.073,
1945,6,-0.003,-0.052,
1945,7,-0.044,-0.012,
1945,8,-0.047,0.038,
1945,9,0.066,0.043,
1945,10,0.218,0.028,
1945,11,0.022,0.011,
1945,12,-0.116,-0.006,
1946,1,-0.137,-0.047,
1946,2,-0.016,-0.075,
1946,3,0.010,-0.097,
1946,4,-0.113,-0.081,
1946,5,-0.227,-0.089,
1946,6,-0.057,-0.135,
1946,7,-0.056,-0.131,
1946,8,-0.221,-0.089,
1946,9,-0.095,-0.082,
1946,10,-0.017,-0.046,
1946,11,-0.020,0.007,
1946,12,0.122,0.039,
1947,1,0.044,0.047,
1947,2,0.067,0.036,
1947,3,0.020,0.002,
1947,4,-0.073,0.004,
1947,5,-0.049,-0.015,
1947,6,0.056,-0.009,
1947,7,-0.028,0.008,
1947,8,0.048,0.011,
1947,9,0.010,0.013,
1947,10,-0.031,0.030,
1947,11,0.064,0.016,
1947,12,0.059,0.003,
1948,1,-0.019,0.015,
1948,2,-0.057,0.040,
1948,3,0.029,0.017,
1948,4,0.190,0.024,
1948,5,-0.057,0.039,
1948,6,0.015,0.012,
1948,7,0.016,-0.033,
1948,8,-0.103,-0.018,
1948,9,-0.035,-0.016,
1948,10,0.019,-0.001,
1948,11,0.024,0.029,
1948,12,0.090,0.029,
1949,1,0.045,0.036,
1949,2,-0.036,0.036,
1949,3,0.058,0.014,
1949,4,0.020,0.010,
1949,5,-0.019,0.030,
1949,6,0.028,0.031,
1949,7,0.066,0.033,
1949,8,0.060,0.032,
1949,9,0.032,0.008,
1949,10,-0.023,-0.031,
1949,11,-0.094,-0.049,
1949,12,-0.128,-0.024,
1950,1,-0.030,-0.037,
1950,2,0.155,-0.029,
1950,3,-0.087,-0.002,
1950,4,-0.055,-0.008,
1950,5,0.005,-0.047,
1950,6,-0.056,-0.022,
1950,7,-0.044,0.011,
1950,8,0.041,0.000,
1950,9,0.107,-0.017,
1950,10,-0.047,-0.000,
1950,11,-0.145,-0.000,
1950,12,0.043,-0.026,
1951,1,0.041,-0.014,
1951,2,-0.021,0.035,
1951,3,0.011,0.048,
1951,4,0.100,0.044,
1951,5,0.110,0.031,
1951,6,0.020,0.018,
1951,7,-0.085,-0.006,
1951,8,-0.055,-0.060,
1951,9,-0.020,-0.083,
1951,10,-0.162,-0.060,
1951,11,-0.095,-0.028,
1951,12,0.031,-0.032,
1952,1,0.105,-0.009,
1952,2,-0.038,0.020,
1952,3,-0.050,0.031,
1952,4,0.053,0.022,
1952,5,0.086,0.033,
1952,6,0.057,0.030,
1952,7,0.019,0.024,
1952,8,-0.066,-0.011,
1952,9,0.023,-0.041,
1952,10,-0.088,-0.019,
1952,11,-0.092,-0.009,
1952,12,0.130,-0.029,
1953,1,-0.016,-0.012,
1953,2,-0.078,0.016,
1953,3,-0.003,-0.007,
1953,4,0.045,-0.004,
1953,5,0.017,0.014,
1953,6,-0.002,0.021,
1953,7,0.014,0.001,
1953,8,0.034,-0.002,
1953,9,-0.056,0.032,
1953,10,0.000,0.047,
1953,11,0.169,0.051,
1953,12,0.085,0.077,
1954,1,0.055,0.082,
1954,2,0.075,0.056,
1954,3,0.025,0.059,
1954,4,0.042,0.043,
1954,5,0.097,0.023,
1954,6,-0.026,0.010,
1954,7,-0.022,-0.010,
1954,8,-0.044,-0.047,
1954,9,-0.055,-0.013,
1954,10,-0.090,-0.006,
1954,11,0.145,0.008,
1954,12,0.015,0.036,
1955,1,0.026,0.082,
1955,2,0.086,0.068,
1955,3,0.138,0.078,
1955,4,0.073,0.092,
1955,5,0.067,0.080,
1955,6,0.093,0.076,
1955,7,0.028,0.098,
1955,8,0.119,0.128,
1955,9,0.181,0.134,
1955,10,0.219,0.134,
1955,11,0.122,0.128,
1955,12,0.029,0.092,
1956,1,0.087,0.047,
1956,2,0.004,0.037,
1956,3,-0.007,0.021,
1956,4,0.071,0.009,
1956,5,-0.048,0.001,
1956,6,0.024,0.018,
1956,7,-0.035,0.034,
1956,8,0.077,0.066,
1956,9,0.155,0.089,
1956,10,0.110,0.104,
1956,11,0.140,0.073,
1956,12,0.039,0.051,
1957,1,-0.080,0.041,
1957,2,0.044,0.003,
1957,3,0.061,-0.014,
1957,4,-0.047,0.000,
1957,5,-0.051,0.001,
1957,6,-0.005,0.003,
1957,7,0.045,0.032,
1957,8,0.071,0.083,
1957,9,0.097,0.135,
1957,10,0.205,0.135,
1957,11,0.257,0.140,
1957,12,0.043,0.137,
1958,1,0.098,0.118,
1958,2,0.082,0.086,
1958,3,0.111,0.081,
1958,4,0.097,0.081,
1958,5,0.015,0.107,
1958,6,0.099,0.075,
1958,7,0.213,0.079,
1958,8,-0.050,0.095,
1958,9,0.119,0.082,
1958,10,0.096,0.062,
1958,11,0.030,0.065,
1958,12,0.113,0.049,
1959,1,-0.032,0.054,
1959,2,0.037,0.042,
1959,3,0.120,0.035,
1959,4,-0.030,0.075,
1959,5,0.080,0.097,
1959,6,0.169,0.087,
1959,7,0.147,0.045,
1959,8,0.070,0.007,
1959,9,-0.243,-0.021,
1959,10,-0.107,-0.065,
1959,11,0.030,-0.078,
1959,12,-0.075,-0.005,
1960,1,0.005,0.046,
1960,2,0.120,0.055,
1960,3,0.149,0.088,
1960,4,0.077,0.094,
1960,5,0.090,0.095,
1960,6,0.033,0.068,
1960,7,0.126,0.040,
1960,8,0.016,0.026,
1960,9,-0.063,0.006,
1960,10,0.019,-0.003,
1960,11,-0.070,0.011,
1960,12,0.082,0.044,
1961,1,0.085,0.031,
1961,2,0.102,0.036,
1961,3,-0.045,0.039,
1961,4,-0.043,0.038,
1961,5,0.096,0.036,
1961,6,0.080,0.064,
1961,7,0.094,0.089,
1961,8,0.092,0.084,
1961,9,0.082,0.119,
1961,10,0.071,0.126,
1961,11,0.257,0.091,
1961,12,0.128,0.071,
1962,1,-0.085,0.086,
1962,2,-0.016,0.056,
1962,3,0.148,0.036,
1962,4,0.106,0.064,
1962,5,0.027,0.086,
1962,6,0.054,0.118,
1962,7,0.097,0.121,
1962,8,0.304,0.148,
1962,9,0.125,0.155,
1962,10,0.160,0.157,
1962,11,0.088,0.097,
1962,12,0.107,0.079,
1963,1,0.005,0.051,
1963,2,0.034,0.025,
1963,3,0.023,-0.004,
1963,4,-0.045,0.014,
1963,5,-0.039,0.010,
1963,6,0.096,-0.000,
1963,7,0.016,0.020,
1963,8,-0.030,0.035,
1963,9,0.059,0.020,
1963,10,0.036,0.011,
1963,11,0.018,0.011,
1963,12,-0.029,0.016,
1964,1,-0.029,0.030,
1964,2,0.084,0.036,
1964,3,0.103,0.036,
1964,4,0.050,0.041,
1964,5,-0.029,0.042,
1964,6,0.000,0.028,
1964,7,0.084,0.038,
1964,8,0.038,0.019,
1964,9,0.099,0.007,
1964,10,-0.124,-0.012,
1964,11,-0.061,-0.023,
1964,12,-0.013,-0.046,
1965,1,-0.015,-0.017,
1965,2,-0.017,0.006,
1965,3,0.019,0.033,
1965,4,0.054,0.061,
1965,5,0.124,0.069,
1965,6,0.123,0.033,
1965,7,0.027,0.017,
1965,8,-0.163,-0.015,
1965,9,-0.025,-0.071,
1965,10,-0.039,-0.093,
1965,11,-0.154,-0.057,
1965,12,-0.082,-0.052,
1966,1,0.016,-0.048,
1966,2,-0.003,-0.039,
1966,3,-0.014,-0.036,
1966,4,-0.113,-0.038,
1966,5,-0.067,-0.034,
1966,6,0.005,-0.032,
1966,7,0.021,0.003,
1966,8,-0.007,0.035,
1966,9,0.062,0.038,
1966,10,0.096,0.030,
1966,11,0.018,0.026,
1966,12,-0.021,0.012,
1967,1,-0.026,-0.000,
1967,2,-0.008,0.002,
1967,3,0.035,0.005,
1967,4,0.028,-0.001,
1967,5,-0.002,-0.011,
1967,6,-0.059,0.005,
1967,7,-0.060,0.007,
1967,8,0.116,0.003,
1967,9,0.041,0.060,
1967,10,-0.024,0.095,
1967,11,0.228,0.071,
1967,12,0.114,0.075,
1968,1,-0.004,0.060,
1968,2,0.062,0.013,
1968,3,-0.101,-0.013,
1968,4,-0.008,-0.018,
1968,5,-0.014,-0.023,
1968,6,-0.027,0.012,
1968,7,0.035,0.007,
1968,8,0.074,-0.024,
1968,9,-0.032,-0.024,
1968,10,-0.167,-0.012,
1968,11,-0.027,-0.037,
1968,12,0.091,-0.045,
1969,1,-0.052,-0.031,
1969,2,-0.071,-0.040,
1969,3,-0.094,-0.067,
1969,4,-0.071,-0.061,
1969,5,-0.047,-0.055,
1969,6,-0.020,-0.049,
1969,7,-0.044,-0.055,
1969,8,-0.063,-0.057,
1969,9,-0.101,-0.078,
1969,10,-0.057,-0.079,
1969,11,-0.127,-0.097,
1969,12,-0.046,-0.140,
1970,1,-0.154,-0.157,
1970,2,-0.314,-0.141,
1970,3,-0.142,-0.148,
1970,4,-0.049,-0.113,
1970,5,-0.083,-0.075,
1970,6,0.023,-0.086,
1970,7,-0.125,-0.100,
1970,8,-0.196,-0.098,
1970,9,-0.118,-0.124,
1970,10,-0.077,-0.120,
1970,11,-0.104,-0.099,
1970,12,-0.103,-0.101,
1971,1,-0.092,-0.085,
1971,2,-0.127,-0.069,
1971,3,0.002,-0.046,
1971,4,-0.024,-0.045,
1971,5,0.013,-0.072,
1971,6,-0.089,-0.104,
1971,7,-0.264,-0.099,
1971,8,-0.155,-0.129,
1971,9,-0.001,-0.106,
1971,10,-0.134,-0.059,
1971,11,0.027,-0.046,
1971,12,-0.029,-0.053,
1972,1,-0.095,-0.014,
1972,2,-0.036,-0.024,
1972,3,0.064,-0.030,
1972,4,-0.023,-0.020,
1972,5,-0.059,0.001,
1972,6,-0.045,-0.002,
1972,7,0.069,-0.015,
1972,8,0.047,0.009,
1972,9,-0.084,0.044,
1972,10,0.059,0.034,
1972,11,0.129,-0.005,
1972,12,0.021,-0.005,
1973,1,-0.149,-0.032,
1973,2,-0.086,-0.062,
1973,3,-0.075,-0.064,
1973,4,-0.022,-0.038,
1973,5,0.011,-0.037,
1973,6,-0.017,-0.045,
1973,7,-0.084,-0.069,
1973,8,-0.114,-0.077,
1973,9,-0.143,-0.099,
1973,10,-0.029,-0.118,
1973,11,-0.126,-0.119,
1973,12,-0.180,-0.093,
1974,1,-0.115,-0.071,
1974,2,-0.015,-0.021,
1974,3,0.081,0.050,
1974,4,0.125,0.100,
1974,5,0.174,0.128,
1974,6,0.135,0.115,
1974,7,0.125,0.103,
1974,8,0.015,0.079,
1974,9,0.068,0.066,
1974,10,0.051,0.055,
1974,11,0.073,0.060,
1974,12,0.068,0.069,
1975,1,0.041,0.082,
1975,2,0.111,0.094,
1975,3,0.118,0.082,
1975,4,0.129,0.110,
1975,5,0.013,0.126,
1975,6,0.179,0.121,
1975,7,0.190,0.074,
1975,8,0.092,0.056,
1975,9,-0.105,0.011,
1975,10,-0.076,-0.016,
1975,11,-0.046,-0.034,
1975,12,0.054,-0.018,
1976,1,0.005,0.023,
1976,2,-0.026,0.035,
1976,3,0.125,0.023,
1976,4,0.017,0.029,
1976,5,-0.004,0.048,
1976,6,0.034,0.046,
1976,7,0.069,0.059,
1976,8,0.113,0.060,
1976,9,0.081,0.052,
1976,10,0.003,0.079,
1976,11,-0.005,0.102,
1976,12,0.201,
1977,1,0.232,
1977,3,-0.063,
1977,4,0.020,
1977,5,0.026,0.001,
1977,6,-0.047,
1977,7,0.069,
1978,6,-0.032,
1978,8,-0.028,
1978,9,-0.093,
1978,10,0.094,-0.091,
1978,11,-0.245,-0.066,
1978,12,-0.185,-0.027,
1979,1,0.096,-0.031,
1979,2,0.102,0.022,
1979,3,0.078,0.051,
1979,4,0.016,0.033,
1979,5,-0.036,0.032,
1979,6,0.006,0.016,
1979,7,0.096,0.021,
1979,8,-0.002,0.017,
1979,9,0.042,0.009,
1979,10,-0.055,0.010,
1979,11,-0.037,0.028,
1979,12,0.103,0.020,
1980,1,0.085,0.008,
1980,2,0.004,0.005,
1980,3,-0.116,-0.001,
1980,4,-0.053,-0.017,
1980,5,0.074,-0.019,
1980,6,0.004,0.017,
1980,7,-0.004,0.040,
1980,8,0.062,0.010,
1980,9,0.063,0.014,
1980,10,-0.076,0.015,
1980,11,0.025,-0.023,
1980,12,-0.000,-0.070,
1981,1,-0.128,-0.061,
1981,2,-0.172,-0.091,
1981,3,-0.029,-0.083,
1981,4,-0.125,-0.082,
1981,5,0.037,-0.037,
1981,6,-0.120,-0.055,
1981,7,0.051,-0.040,
1981,8,-0.117,-0.058,
1981,9,-0.049,-0.039,
1981,10,-0.053,-0.051,
1981,11,-0.029,-0.010,
1981,12,-0.006,-0.000,
1982,1,0.087,-0.009,
1982,2,-0.000,-0.006,
1982,3,-0.099,0.023,
1982,4,-0.012,0.027,
1982,5,0.140,0.039,
1982,6,0.105,0.054,
1982,7,0.058,0.037,
1982,8,-0.019,0.019,
1982,9,-0.099,0.003,
1982,10,0.051,-0.026,
1982,11,0.026,-0.016,
1982,12,-0.090,0.007,
1983,1,0.032,-0.008,
1983,2,0.017,-0.024,
1983,3,-0.028,-0.006,
1983,4,-0.051,-0.011,
1983,5,-0.002,-0.004,
1983,6,0.009,-0.009,
1983,7,0.053,-0.044,
1983,8,-0.051,-0.091,
1983,9,-0.230,-0.109,
1983,10,-0.237,-0.132,
1983,11,-0.079,-0.138,
1983,12,-0.065,-0.107,
1984,1,-0.077,-0.066,
1984,2,-0.078,-0.044,
1984,3,-0.030,-0.043,
1984,4,0.030,-0.036,
1984,5,-0.063,-0.032,
1984,6,-0.039,-0.046,
1984,7,-0.056,-0.067,
1984,8,-0.103,-0.068,
1984,9,-0.074,-0.072,
1984,10,-0.070,-0.086,
1984,11,-0.060,-0.080,
1984,12,-0.125,-0.086,
1985,1,-0.070,-0.077,
1985,2,-0.104,-0.094,
1985,3,-0.023,-0.111,
1985,4,-0.147,-0.108,
1985,5,-0.211,-0.099,
1985,6,-0.053,-0.101,
1985,7,-0.062,-0.055,
1985,8,-0.035,0.013,
1985,9,0.086,0.044,
1985,10,0.130,0.064,
1985,11,0.103,0.074,
1985,12,0.037,0.075,
1986,1,0.014,0.076,
1986,2,0.089,0.078,
1986,3,0.135,0.068,
1986,4,0.113,0.068,
1986,5,-0.012,0.053,
1986,6,0.014,0.014,
1986,7,0.012,-0.032,
1986,8,-0.055,-0.037,
1986,9,-0.121,-0.042,
1986,10,-0.037,-0.046,
1986,11,-0.007,-0.025,
1986,12,-0.011,0.019,
1987,1,0.050,0.025,
1987,2,0.099,0.047,
1987,3,-0.007,0.074,
1987,4,0.105,0.075,
1987,5,0.123,0.052,
1987,6,0.058,0.053,
1987,7,-0.020,0.035,
1987,8,0.001,0.012,
1987,9,0.014,-0.029,
1987,10,0.007,-0.052,
1987,11,-0.146,-0.065,
1987,12,-0.138,-0.091,
1988,1,-0.064,-0.111,
1988,2,-0.114,-0.072,
1988,3,-0.094,-0.066,
1988,4,0.048,-0.072,
1988,5,-0.108,
1988,6,-0.094,
1988,8,-0.004,
1988,9,0.072,
1989,2,0.045,
1989,3,0.047,
1989,6,-0.177,
1989,7,-0.034,
1989,8,0.029,-0.052,
1989,9,-0.007,-0.002,
1989,10,-0.069,0.017,
1989,11,0.072,0.006,
1989,12,0.059,0.008,
1990,1,-0.026,0.032,
1990,2,0.007,0.020,
1990,3,0.047,-0.008,
1990,4,0.012,-0.016,
1990,5,-0.082,-0.023,
1990,6,-0.062,-0.046,
1990,7,-0.030,-0.075,
1990,8,-0.067,-0.068,
1990,9,-0.136,-0.053,
1990,10,-0.046,-0.035,
1990,11,0.014,-0.005,
1990,12,0.059,0.029,
1991,1,0.084,0.053,
1991,2,0.035,0.060,
1991,3,0.073,0.013,
1991,4,0.047,-0.012,
1991,5,-0.175,-0.034,
1991,6,-0.037,-0.069,
1991,7,-0.078,-0.080,
1991,8,-0.099,-0.067,
1991,9,-0.011,-0.112,
1991,10,-0.109,-0.111,
1991,11,-0.262,-0.064,
1991,12,-0.071,-0.047,
1992,1,0.131,-0.022,
1992,2,0.075,0.041,
1992,3,0.019,0.070,
1992,4,0.051,0.053,
1992,5,0.075,0.033,
1992,6,0.047,0.038,
1992,7,-0.025,0.021,
1992,8,0.044,-0.025,
1992,9,-0.034,-0.058,
1992,10,-0.155,-0.059,
1992,11,-0.118,-0.089,
1992,12,-0.030,-0.084,
1993,1,-0.106,-0.067,
1993,2,-0.013,-0.038,
1993,3,-0.066,-0.008,
1993,4,0.027,-0.008,
1993,5,0.116,-0.044,
1993,6,-0.105,-0.070,
1993,7,-0.192,-0.102,
1993,8,-0.199,-0.135,
1993,9,-0.133,-0.147,
1993,10,-0.045,-0.135,
1993,11,-0.165,-0.103,
1993,12,-0.134,-0.079,
1994,1,-0.038,-0.063,
1994,2,-0.012,-0.042,
1994,3,0.036,-0.002,
1994,4,-0.063,-0.004,
1994,5,0.069,-0.008,
1994,6,-0.053,-0.033,
1994,7,-0.028,-0.011,
1994,8,-0.088,-0.018,
1994,9,0.047,-0.037,
1994,10,0.033,-0.045,
1994,11,-0.147,-0.033,
1994,12,-0.070,-0.035,
1995,1,-0.031,-0.030,
1995,2,0.041,0.009,
1995,3,0.055,0.030,
1995,4,0.051,0.019,
1995,5,0.036,0.006,
1995,6,-0.086,0.018,
1995,7,-0.026,0.037,
1995,8,0.116,0.063,
1995,9,0.147,0.102,
1995,10,0.166,0.106,
1995,11,0.110,0.070,
1995,12,-0.010,0.028,
1996,1,-0.064,-0.024,
1996,2,-0.060,-0.042,
1996,3,-0.094,-0.044,
1996,4,0.020,-0.047,
1996,5,-0.023,-0.042,
1996,6,-0.077,-0.043,
1996,7,-0.035,-0.064,
1996,8,-0.102,-0.057,
1996,9,-0.086,-0.035,
1996,10,0.016,-0.033,
1996,11,0.032,-0.020,
1996,12,-0.024,-0.023,
1997,1,-0.037,-0.038,
1997,2,-0.104,-0.058,
1997,3,-0.059,-0.030,
1997,4,-0.064,-0.017,
1997,5,0.112,-0.018,
1997,6,0.029,-0.006,
1997,7,-0.110,0.001,
1997,8,-0.000,-0.034,
1997,9,-0.027,-0.030,
1997,10,-0.062,0.024,
1997,11,0.047,0.026,
1997,12,0.164,0.019,
1998,1,0.007,0.010,
1998,2,-0.059,0.006,
1998,3,-0.106,-0.023,
1998,4,0.024,-0.033,
1998,5,0.021,-0.034,
1998,6,-0.047,0.003,
1998,7,-0.062,0.042,
1998,8,0.081,0.042,
1998,9,0.218,0.044,
1998,10,0.020,0.071,
1998,11,-0.038,0.041,
1998,12,0.073,-0.014,
1999,1,-0.068,-0.004,
1999,2,-0.058,0.009,
1999,3,0.069,
1999,4,0.027,
2002,10,0.110,
2002,11,-0.008,
2002,12,0.067,0.050,
2003,1,0.064,0.029,
2003,2,0.015,0.023,
2003,3,0.006,0.013,
2003,4,-0.038,0.005,
2003,5,0.018,-0.000,
2003,6,0.023,-0.003,
2003,7,-0.011,0.050,
2003,8,-0.009,0.080,
2003,9,0.226,0.091,
2003,10,0.171,0.113,
2003,11,0.075,0.129,
2003,12,0.099,0.070,
2004,1,0.072,0.039,
2004,2,-0.069,0.039,
2004,3,0.019,0.018,
2004,4,0.076,0.005,
2004,5,-0.006,0.028,
2004,6,0.005,0.033,
2004,7,0.045,0.004,
2004,8,0.045,0.023,
2004,9,-0.067,-0.005,
2004,10,0.085,-0.032,
2004,11,-0.132,-0.049,
2004,12,-0.090,-0.032,
2005,1,-0.043,-0.048,
2005,2,0.019,-0.038,
2005,3,0.006,-0.035,
2005,4,-0.083,-0.044,
2005,5,-0.072,-0.036,
2005,6,-0.090,-0.024,
2005,7,0.060,-0.015,
2005,8,0.064,-0.014,
2005,9,-0.035,0.002,
2005,10,-0.071,-0.018,
2005,11,-0.010,-0.032,
2005,12,-0.036,-0.033,
2006,1,-0.010,-0.030,
2006,2,-0.041,-0.054,
2006,3,-0.055,-0.059,
2006,4,-0.130,-0.073,
2006,5,-0.060,-0.085,
2006,6,-0.078,-0.077,
2006,7,-0.104,-0.066,
2006,8,-0.014,-0.057,
2006,9,-0.072,-0.033,
2006,10,-0.018,-0.021,
2006,11,0.042,-0.012,
2006,12,-0.045,0.002,
2007,1,0.035,-0.011,
2007,2,-0.005,-0.038,
2007,3,-0.082,-0.034,
2007,4,-0.093,-0.052,
2007,5,-0.028,-0.068,
2007,6,-0.053,-0.047,
2007,7,-0.083,-0.013,
2007,8,0.023,0.009,
2007,9,0.077,0.040,
2007,10,0.082,0.061,
2007,11,0.101,0.075,
2007,12,0.021,0.054,
2008,1,0.094,0.029,
2008,2,-0.026,0.004,
2008,3,-0.043,0.013,
2008,4,-0.027,-0.021,
2008,5,0.068,-0.014,
2008,6,-0.076,-0.008,
2008,7,0.009,0.002,
2008,8,-0.016,-0.023,
2008,9,0.023,-0.005,
2008,10,-0.053,0.015,
2008,11,0.011,0.035,
2008,12,0.110,0.032,
2009,1,0.082,0.043,
2009,2,0.008,0.033,
2009,3,0.004,0.015,
2009,4,-0.038,0.013,
2009,5,0.018,0.024,
2009,6,0.071,0.034,
2009,7,0.062,0.027,
2009,8,0.059,0.046,
2009,9,-0.077,0.036,
2009,10,0.117,
2009,11,0.020,
2010,3,0.019,
2010,4,0.032,
2010,5,-0.116,-0.098,
2010,6,-0.261,-0.114,
2010,7,-0.163,-0.113,
2010,8,-0.061,-0.130,
2010,9,0.034,-0.103,
2010,10,-0.200,-0.080,
2010,11,-0.127,
2010,12,-0.046,
2011,7,-0.039,
2011,8,0.027,
2011,9,0.048,0.059,
2011,10,0.090,0.082,
2011,11,0.169,0.100,
2011,12,0.076,0.092,
2012,1,0.118,0.055,
2012,2,0.006,0.009,
2012,3,-0.094,0.005,
2012,4,-0.059,0.001,
2012,5,0.054,0.022,
2012,6,0.096,0.041,
2012,7,0.111,0.050,
2012,8,0.001,0.060,
2012,9,-0.010,0.037,
2012,10,0.101,-0.021,
2012,11,-0.020,-0.060,
2012,12,-0.175,-0.065,
2013,1,-0.195,-0.086,
2013,2,-0.035,-0.108,
2013,3,-0.003,-0.078,
2013,4,-0.133,-0.040,
2013,5,-0.022,-0.031,
2013,6,-0.007,-0.026,
2013,7,0.007,-0.018,
2013,8,0.024,-0.013,
2013,9,-0.092,-0.013,
2013,10,0.004,-0.040,
2013,11,-0.008,
2013,12,-0.130,
2014,8,0.010,
2014,9,-0.074,
2014,10,-0.060,
2014,11,-0.049,
2015,2,0.135,
2015,3,0.013,
2015,8,-0.017,
2015,9,-0.049,
2015,10,0.000,-0.016,
2015,11,0.041,-0.029,
2015,12,-0.056,-0.037,
2016,1,-0.083,
2016,2,-0.084,
2016,4,0.058,
2016,5,0.023,
2016,6,0.049,0.043,
2016,7,0.110,0.041,
2016,8,-0.027,0.047,
2016,9,0.051,0.048,
2016,10,0.049,0.031,
2016,11,0.059,0.048,
2016,12,0.024,0.036,
2017,1,0.056,0.027,
2017,2,-0.007,0.031,
2017,3,0.006,0.045,
2017,4,0.077,0.036,
2017,5,0.091,0.035,
2017,6,0.014,0.036,
2017,7,-0.013,0.043,
2017,8,0.012,0.066,
2017,9,0.110,0.113,
2017,10,0.207,0.129,
2017,11,0.248,0.113,
2017,12,0.069,0.079,
2018,1,-0.069,0.036,
2018,2,-0.059,-0.039,
2018,3,-0.011,-0.070,
2018,4,-0.124,-0.058,
2018,5,-0.086,-0.067,
2018,6,-0.010,-0.083,
2018,7,-0.103,-0.077,
2018,8,-0.092,-0.063,
2018,9,-0.094,-0.042,
2018,10,-0.016,-0.027,
2018,11,0.096,0.006,
2018,12,-0.030,0.024,
2019,1,0.073,0.005,
2019,2,-0.001,-0.015,
2019,3,-0.111,-0.004,
2019,4,-0.004,0.017,
2019,5,0.023,0.027,
2019,6,0.177,0.074,
2019,7,0.049,0.080,
2019,8,0.123,0.069,
2019,9,0.025,0.059,
2019,10,-0.029,0.075,
2019,11,0.124,
2019,12,0.129,
2020,3,0.078,
2020,4,0.087,
2020,5,-0.107,-0.019,
2020,6,-0.129,-0.010,
2020,7,-0.026,-0.006,
2020,8,0.123,0.011,
2020,9,0.106,
2020,10,-0.020,
2020,12,-0.095,
2021,1,0.129,
2021,2,0.086,-0.033,
2021,3,-0.140,-0.013,
2021,4,-0.147,-0.022,
2021,5,0.009,-0.032,
2021,6,0.080,0.011,
2021,7,0.037,0.045,
2021,8,0.075,0.052,
2021,9,0.027,0.054,
2021,10,0.042,0.051,
2021,11,0.089,0.015,
2021,12,0.022,-0.000,
2022,1,-0.104,-0.003,
2022,2,-0.051,0.004,
2022,3,0.026,0.003,
2022,4,0.125,0.037,
2022,5,0.018,0.056,
2022,6,0.069,0.054,
2022,7,0.043,0.045,
2022,8,0.015,0.050,
2022,9,0.079,0.021,
2022,10,0.044,0.006,
2022,11,-0.075,0.025,
2022,12,-0.033,0.007,
2023,1,0.110,0.004,
2023,2,-0.011,0.033,
2023,3,0.030,0.054,
2023,4,0.069,0.045,
2023,5,0.072,0.055,
2023,6,0.067,0.071,
2023,7,0.038,0.064,
2023,8,0.110,0.058,
2023,9,0.033,0.053,
2023,10,0.039,0.054,
2023,11,0.045,0.032,
2023,12,0.041,0.020,
2024,1,-0.000,-0.023,
2024,2,-0.025,-0.068,
2024,3,-0.177,-0.076,
2024,4,-0.180,-0.067,
2024,5,0.003,-0.055,
2024,6,0.043,-0.021,
2024,7,0.036,0.009,
2024,8,-0.006,0.003,
2024,9,-0.031,-0.016,
2024,10,-0.026,
2024,11,-0.053,
