Interannual variation of monthly mean sea level and the 5-month centered average.
The values are in meters.  The average seasonal cycle and the relative sea level trend have been removed.
Column values are the Year; Month; Interannual Variation; and the 5-month centered average of the Interannual Variation.
Product of NOAAs National Ocean Service / Center for Operational Oceanographic Products and Services (CO-OPS)

Year, Month, Interannual_Variation, Five_Month_Average
1932,11,-0.085,
1932,12,-0.075,
1933,1,0.031,-0.021,
1933,2,0.013,-0.018,
1933,3,0.010,-0.003,
1933,4,-0.068,0.012,
1933,5,-0.003,-0.003,
1933,6,0.109,-0.039,
1933,7,-0.064,-0.055,
1933,8,-0.170,-0.054,
1933,9,-0.149,-0.085,
1933,10,0.004,-0.081,
1933,11,-0.047,-0.049,
1933,12,-0.040,-0.023,
1934,1,-0.013,-0.043,
1934,2,-0.020,-0.038,
1934,3,-0.096,-0.023,
1934,4,-0.021,-0.039,
1934,5,0.037,-0.036,
1934,6,-0.097,0.007,
1934,7,-0.002,0.015,
1934,8,0.116,-0.020,
1934,9,0.019,-0.019,
1934,10,-0.139,-0.009,
1934,11,-0.092,-0.013,
1934,12,0.048,-0.012,
1935,1,0.098,0.017,
1935,2,0.026,0.039,
1935,3,0.006,0.031,
1935,4,0.014,0.008,
1935,5,0.011,-0.005,
1935,6,-0.017,-0.011,
1935,7,-0.041,-0.039,
1935,8,-0.020,-0.063,
1935,9,-0.129,-0.070,
1935,10,-0.111,-0.068,
1935,11,-0.051,-0.070,
1935,12,-0.030,-0.056,
1936,1,-0.029,-0.048,
1936,2,-0.061,-0.050,
1936,3,-0.069,-0.062,
1936,4,-0.061,-0.072,
1936,5,-0.089,-0.058,
1936,6,-0.080,-0.057,
1936,7,0.009,-0.067,
1936,8,-0.065,-0.053,
1936,9,-0.107,-0.034,
1936,10,-0.021,-0.038,
1936,11,0.017,-0.025,
1936,12,-0.014,0.006,
1937,1,0.002,0.025,
1937,2,0.047,0.029,
1937,3,0.075,0.039,
1937,4,0.037,
1937,5,0.037,
1939,6,-0.032,
1939,7,-0.071,
1939,8,-0.041,
1939,9,0.027,
1940,1,-0.008,
1940,2,-0.009,
1940,3,-0.075,-0.012,
1940,4,-0.031,0.001,
1940,5,0.061,0.010,
1940,6,0.061,0.022,
1940,7,0.034,0.032,
1940,8,-0.015,0.015,
1940,9,0.018,-0.019,
1940,10,-0.021,-0.053,
1940,11,-0.111,-0.058,
1940,12,-0.138,-0.078,
1941,1,-0.040,-0.106,
1941,2,-0.081,-0.096,
1941,3,-0.159,
1941,4,-0.063,
1941,6,-0.133,
1941,8,0.010,
1941,9,0.047,
1941,10,-0.056,-0.037,
1941,11,-0.123,-0.057,
1941,12,-0.061,-0.034,
1942,1,-0.095,-0.008,
1942,2,0.164,0.001,
1942,3,0.072,-0.027,
1942,4,-0.077,-0.019,
1942,5,-0.200,-0.054,
1942,6,-0.054,-0.050,
1942,7,-0.014,-0.029,
1942,8,0.096,0.008,
1942,9,0.024,
1942,10,-0.013,
1943,2,-0.012,
1943,3,0.034,
1943,4,0.048,
1943,7,-0.056,
1943,8,-0.012,
1943,9,-0.021,
1943,12,-0.022,
1944,5,-0.064,
1944,6,-0.007,
1944,7,-0.076,-0.036,
1944,8,-0.027,
1944,9,-0.005,
1944,12,-0.140,
1945,1,-0.113,
1945,2,-0.034,-0.121,
1945,3,-0.169,-0.102,
1945,4,-0.148,-0.083,
1945,5,-0.045,-0.088,
1945,6,-0.018,-0.066,
1945,7,-0.060,-0.026,
1945,8,-0.059,0.024,
1945,9,0.054,0.029,
1945,10,0.204,0.015,
1945,11,0.009,-0.003,
1945,12,-0.131,-0.019,
1946,1,-0.149,-0.061,
1946,2,-0.030,-0.088,
1946,3,-0.006,-0.111,
1946,4,-0.126,-0.095,
1946,5,-0.242,-0.103,
1946,6,-0.072,-0.149,
1946,7,-0.071,-0.145,
1946,8,-0.233,-0.103,
1946,9,-0.108,-0.095,
1946,10,-0.031,-0.059,
1946,11,-0.033,-0.006,
1946,12,0.108,0.026,
1947,1,0.032,0.033,
1947,2,0.052,0.022,
1947,3,0.004,-0.012,
1947,4,-0.085,-0.010,
1947,5,-0.064,-0.029,
1947,6,0.042,-0.023,
1947,7,-0.043,-0.006,
1947,8,0.036,-0.003,
1947,9,-0.003,-0.001,
1947,10,-0.045,0.017,
1947,11,0.051,0.003,
1947,12,0.045,-0.010,
1948,1,-0.031,0.001,
1948,2,-0.072,0.027,
1948,3,0.014,0.003,
1948,4,0.178,0.010,
1948,5,-0.072,0.024,
1948,6,0.001,-0.002,
1948,7,0.001,-0.047,
1948,8,-0.115,-0.031,
1948,9,-0.048,-0.029,
1948,10,0.005,-0.014,
1948,11,0.012,0.016,
1948,12,0.076,0.015,
1949,1,0.034,0.023,
1949,2,-0.050,0.022,
1949,3,0.043,-0.000,
1949,4,0.008,-0.004,
1949,5,-0.034,0.016,
1949,6,0.014,0.017,
1949,7,0.050,0.019,
1949,8,0.048,0.019,
1949,9,0.020,-0.005,
1949,10,-0.037,-0.044,
1949,11,-0.107,-0.062,
1949,12,-0.142,-0.037,
1950,1,-0.042,-0.050,
1950,2,0.141,-0.043,
1950,3,-0.103,-0.016,
1950,4,-0.067,-0.022,
1950,5,-0.010,-0.062,
1950,6,-0.071,-0.035,
1950,7,-0.059,-0.003,
1950,8,0.030,-0.013,
1950,9,0.095,-0.030,
1950,10,-0.060,-0.013,
1950,11,-0.158,-0.013,
1950,12,0.030,-0.039,
1951,1,0.029,-0.028,
1951,2,-0.035,0.021,
1951,3,-0.005,0.035,
1951,4,0.088,0.030,
1951,5,0.095,0.017,
1951,6,0.006,0.005,
1951,7,-0.100,-0.019,
1951,8,-0.066,-0.074,
1951,9,-0.032,-0.096,
1951,10,-0.175,-0.073,
1951,11,-0.108,-0.041,
1951,12,0.017,-0.045,
1952,1,0.094,-0.023,
1952,2,-0.052,0.007,
1952,3,-0.065,0.018,
1952,4,0.041,0.008,
1952,5,0.071,0.019,
1952,6,0.043,0.016,
1952,7,0.004,0.010,
1952,8,-0.078,-0.024,
1952,9,0.010,-0.054,
1952,10,-0.102,-0.031,
1952,11,-0.104,-0.021,
1952,12,0.116,-0.042,
1953,1,-0.027,-0.025,
1953,2,-0.092,0.003,
1953,3,-0.018,-0.020,
1953,4,0.033,-0.018,
1953,5,0.002,-0.000,
1953,6,-0.016,0.008,
1953,7,-0.001,-0.012,
1953,8,0.023,-0.015,
1953,9,-0.068,0.020,
1953,10,-0.013,0.034,
1953,11,0.157,0.038,
1953,12,0.071,0.064,
1954,1,0.044,0.068,
1954,2,0.061,0.043,
1954,3,0.010,0.046,
1954,4,0.031,0.029,
1954,5,0.083,0.009,
1954,6,-0.040,-0.004,
1954,7,-0.036,-0.023,
1954,8,-0.055,-0.060,
1954,9,-0.067,-0.026,
1954,10,-0.103,-0.018,
1954,11,0.132,-0.004,
1954,12,0.002,0.024,
1955,1,0.015,0.069,
1955,2,0.072,0.055,
1955,3,0.124,0.065,
1955,4,0.062,0.078,
1955,5,0.053,0.066,
1955,6,0.080,0.063,
1955,7,0.013,0.084,
1955,8,0.108,0.115,
1955,9,0.169,0.121,
1955,10,0.206,0.122,
1955,11,0.109,0.115,
1955,12,0.016,0.079,
1956,1,0.076,0.034,
1956,2,-0.010,0.024,
1956,3,-0.022,0.008,
1956,4,0.060,-0.005,
1956,5,-0.063,-0.013,
1956,6,0.010,0.005,
1956,7,-0.050,0.021,
1956,8,0.066,0.053,
1956,9,0.143,0.077,
1956,10,0.097,0.092,
1956,11,0.128,0.060,
1956,12,0.026,0.038,
1957,1,-0.091,0.028,
1957,2,0.031,-0.009,
1957,3,0.046,-0.027,
1957,4,-0.059,-0.013,
1957,5,-0.065,-0.013,
1957,6,-0.019,-0.010,
1957,7,0.030,0.019,
1957,8,0.060,0.070,
1957,9,0.086,0.123,
1957,10,0.193,0.123,
1957,11,0.245,0.128,
1957,12,0.029,0.125,
1958,1,0.087,0.105,
1958,2,0.069,0.073,
1958,3,0.096,0.068,
1958,4,0.086,0.067,
1958,5,0.001,0.093,
1958,6,0.085,0.062,
1958,7,0.199,0.066,
1958,8,-0.061,0.083,
1958,9,0.107,0.069,
1958,10,0.083,0.050,
1958,11,0.018,0.053,
1958,12,0.100,0.036,
1959,1,-0.043,0.041,
1959,2,0.023,0.029,
1959,3,0.106,0.022,
1959,4,-0.041,0.062,
1959,5,0.066,0.084,
1959,6,0.156,0.075,
1959,7,0.133,0.032,
1959,8,0.059,-0.005,
1959,9,-0.255,-0.033,
1959,10,-0.120,-0.077,
1959,11,0.019,-0.090,
1959,12,-0.088,-0.018,
1960,1,-0.005,0.033,
1960,2,0.106,0.043,
1960,3,0.135,0.075,
1960,4,0.066,0.080,
1960,5,0.076,0.082,
1960,6,0.020,0.056,
1960,7,0.112,0.028,
1960,8,0.005,0.014,
1960,9,-0.074,-0.007,
1960,10,0.006,-0.015,
1960,11,-0.082,-0.001,
1960,12,0.069,0.031,
1961,1,0.075,0.018,
1961,2,0.089,0.024,
1961,3,-0.059,0.026,
1961,4,-0.054,0.025,
1961,5,0.083,0.023,
1961,6,0.067,0.051,
1961,7,0.079,0.076,
1961,8,0.082,0.072,
1961,9,0.071,0.107,
1961,10,0.059,0.114,
1961,11,0.245,0.079,
1961,12,0.115,0.059,
1962,1,-0.096,0.074,
1962,2,-0.029,0.044,
1962,3,0.133,0.024,
1962,4,0.096,0.051,
1962,5,0.013,0.073,
1962,6,0.040,0.105,
1962,7,0.083,0.109,
1962,8,0.294,0.136,
1962,9,0.114,0.143,
1962,10,0.148,0.145,
1962,11,0.076,0.085,
1962,12,0.095,0.067,
1963,1,-0.006,0.039,
1963,2,0.021,0.013,
1963,3,0.009,-0.017,
1963,4,-0.056,0.001,
1963,5,-0.053,-0.003,
1963,6,0.083,-0.013,
1963,7,0.002,0.008,
1963,8,-0.041,0.023,
1963,9,0.048,0.008,
1963,10,0.024,-0.001,
1963,11,0.007,-0.000,
1963,12,-0.042,0.004,
1964,1,-0.039,0.017,
1964,2,0.071,0.024,
1964,3,0.089,0.023,
1964,4,0.039,0.029,
1964,5,-0.043,0.028,
1964,6,-0.013,0.016,
1964,7,0.070,0.026,
1964,8,0.027,0.007,
1964,9,0.088,-0.005,
1964,10,-0.137,-0.024,
1964,11,-0.072,-0.034,
1964,12,-0.026,-0.058,
1965,1,-0.025,-0.030,
1965,2,-0.030,-0.007,
1965,3,0.005,0.021,
1965,4,0.043,0.048,
1965,5,0.111,0.056,
1965,6,0.110,0.021,
1965,7,0.013,0.005,
1965,8,-0.173,-0.027,
1965,9,-0.036,-0.082,
1965,10,-0.051,-0.104,
1965,11,-0.165,-0.068,
1965,12,-0.095,-0.064,
1966,1,0.006,-0.060,
1966,2,-0.016,-0.051,
1966,3,-0.028,-0.048,
1966,4,-0.123,-0.051,
1966,5,-0.080,-0.046,
1966,6,-0.008,-0.044,
1966,7,0.008,-0.009,
1966,8,-0.017,0.023,
1966,9,0.051,0.026,
1966,10,0.084,0.018,
1966,11,0.006,0.014,
1966,12,-0.033,0.000,
1967,1,-0.036,-0.013,
1967,2,-0.021,-0.010,
1967,3,0.022,-0.007,
1967,4,0.018,-0.014,
1967,5,-0.015,-0.024,
1967,6,-0.071,-0.007,
1967,7,-0.074,-0.005,
1967,8,0.106,-0.009,
1967,9,0.030,0.049,
1967,10,-0.036,0.084,
1967,11,0.217,0.060,
1967,12,0.102,0.064,
1968,1,-0.014,0.048,
1968,2,0.050,0.001,
1968,3,-0.115,-0.025,
1968,4,-0.018,-0.030,
1968,5,-0.028,-0.036,
1968,6,-0.040,-0.000,
1968,7,0.021,-0.005,
1968,8,0.064,-0.035,
1968,9,-0.042,-0.035,
1968,10,-0.179,-0.023,
1968,11,-0.038,-0.049,
1968,12,0.079,-0.057,
1969,1,-0.062,-0.042,
1969,2,-0.083,-0.051,
1969,3,-0.108,-0.079,
1969,4,-0.082,-0.073,
1969,5,-0.060,-0.068,
1969,6,-0.033,-0.061,
1969,7,-0.057,-0.067,
1969,8,-0.073,-0.068,
1969,9,-0.112,-0.089,
1969,10,-0.068,-0.090,
1969,11,-0.138,-0.108,
1969,12,-0.058,-0.151,
1970,1,-0.164,-0.168,
1970,2,-0.326,-0.153,
1970,3,-0.156,-0.160,
1970,4,-0.059,-0.125,
1970,5,-0.096,-0.088,
1970,6,0.011,-0.097,
1970,7,-0.138,-0.111,
1970,8,-0.206,-0.110,
1970,9,-0.129,-0.135,
1970,10,-0.089,-0.131,
1970,11,-0.115,-0.110,
1970,12,-0.115,-0.112,
1971,1,-0.102,-0.097,
1971,2,-0.140,-0.080,
1971,3,-0.011,-0.057,
1971,4,-0.034,-0.057,
1971,5,-0.000,-0.085,
1971,6,-0.101,-0.115,
1971,7,-0.277,-0.111,
1971,8,-0.165,-0.140,
1971,9,-0.012,-0.117,
1971,10,-0.146,-0.069,
1971,11,0.017,-0.057,
1971,12,-0.041,-0.064,
1972,1,-0.104,-0.025,
1972,2,-0.048,-0.035,
1972,3,0.051,-0.041,
1972,4,-0.033,-0.032,
1972,5,-0.072,-0.011,
1972,6,-0.057,-0.014,
1972,7,0.056,-0.026,
1972,8,0.037,-0.002,
1972,9,-0.094,0.033,
1972,10,0.047,0.023,
1972,11,0.118,-0.016,
1972,12,0.009,-0.016,
1973,1,-0.158,-0.044,
1973,2,-0.098,-0.074,
1973,3,-0.089,-0.076,
1973,4,-0.032,-0.050,
1973,5,-0.001,-0.050,
1973,6,-0.029,-0.057,
1973,7,-0.097,-0.081,
1973,8,-0.123,-0.089,
1973,9,-0.153,-0.110,
1973,10,-0.040,-0.129,
1973,11,-0.137,-0.129,
1973,12,-0.191,-0.104,
1974,1,-0.125,-0.082,
1974,2,-0.027,-0.032,
1974,3,0.067,0.038,
1974,4,0.116,0.088,
1974,5,0.161,0.116,
1974,6,0.123,0.104,
1974,7,0.112,0.092,
1974,8,0.006,0.068,
1974,9,0.058,0.055,
1974,10,0.040,0.044,
1974,11,0.062,0.050,
1974,12,0.057,0.058,
1975,1,0.032,0.071,
1975,2,0.099,0.082,
1975,3,0.105,0.071,
1975,4,0.119,0.098,
1975,5,0.000,0.114,
1975,6,0.167,0.109,
1975,7,0.177,0.062,
1975,8,0.082,0.045,
1975,9,-0.116,0.000,
1975,10,-0.087,-0.027,
1975,11,-0.056,-0.044,
1975,12,0.042,-0.029,
1976,1,-0.004,0.011,
1976,2,-0.038,0.024,
1976,3,0.112,0.012,
1976,4,0.007,0.017,
1976,5,-0.017,0.036,
1976,6,0.022,0.034,
1976,7,0.056,0.047,
1976,8,0.104,0.049,
1976,9,0.071,0.042,
1976,10,-0.008,0.068,
1976,11,-0.015,0.092,
1976,12,0.189,
1977,1,0.223,
1977,3,-0.076,
1977,4,0.011,
1977,5,0.014,-0.011,
1977,6,-0.059,
1977,7,0.057,
1978,6,-0.043,
1978,8,-0.037,
1978,9,-0.103,
1978,10,0.083,-0.102,
1978,11,-0.255,-0.077,
1978,12,-0.196,-0.038,
1979,1,0.088,-0.042,
1979,2,0.090,0.011,
1979,3,0.066,0.040,
1979,4,0.007,0.022,
1979,5,-0.048,0.020,
1979,6,-0.005,0.005,
1979,7,0.083,0.010,
1979,8,-0.011,0.006,
1979,9,0.032,-0.002,
1979,10,-0.066,-0.000,
1979,11,-0.047,0.017,
1979,12,0.092,0.010,
1980,1,0.076,-0.003,
1980,2,-0.007,-0.006,
1980,3,-0.129,-0.012,
1980,4,-0.062,-0.029,
1980,5,0.062,-0.031,
1980,6,-0.008,0.006,
1980,7,-0.017,0.029,
1980,8,0.054,-0.001,
1980,9,0.054,0.004,
1980,10,-0.086,0.005,
1980,11,0.015,-0.033,
1980,12,-0.011,-0.081,
1981,1,-0.137,-0.072,
1981,2,-0.183,-0.101,
1981,3,-0.042,-0.094,
1981,4,-0.134,-0.093,
1981,5,0.025,-0.049,
1981,6,-0.132,-0.065,
1981,7,0.039,-0.050,
1981,8,-0.126,-0.068,
1981,9,-0.059,-0.050,
1981,10,-0.063,-0.061,
1981,11,-0.039,-0.020,
1981,12,-0.017,-0.011,
1982,1,0.078,-0.020,
1982,2,-0.012,-0.016,
1982,3,-0.111,0.013,
1982,4,-0.021,0.016,
1982,5,0.128,0.027,
1982,6,0.094,0.044,
1982,7,0.046,0.026,
1982,8,-0.028,0.009,
1982,9,-0.109,-0.007,
1982,10,0.040,-0.036,
1982,11,0.017,-0.026,
1982,12,-0.101,-0.003,
1983,1,0.024,-0.019,
1983,2,0.005,-0.034,
1983,3,-0.040,-0.017,
1983,4,-0.060,-0.022,
1983,5,-0.014,-0.015,
1983,6,-0.002,-0.019,
1983,7,0.041,-0.055,
1983,8,-0.060,-0.102,
1983,9,-0.239,-0.119,
1983,10,-0.248,-0.142,
1983,11,-0.088,-0.147,
1983,12,-0.076,-0.117,
1984,1,-0.085,-0.076,
1984,2,-0.089,-0.054,
1984,3,-0.042,-0.054,
1984,4,0.021,-0.047,
1984,5,-0.074,-0.043,
1984,6,-0.050,-0.057,
1984,7,-0.068,-0.077,
1984,8,-0.111,-0.079,
1984,9,-0.083,-0.082,
1984,10,-0.080,-0.096,
1984,11,-0.070,-0.089,
1984,12,-0.136,-0.096,
1985,1,-0.079,-0.087,
1985,2,-0.115,-0.104,
1985,3,-0.036,-0.121,
1985,4,-0.155,-0.119,
1985,5,-0.222,-0.110,
1985,6,-0.064,-0.112,
1985,7,-0.074,-0.065,
1985,8,-0.043,0.003,
1985,9,0.077,0.035,
1985,10,0.120,0.055,
1985,11,0.093,0.064,
1985,12,0.027,0.065,
1986,1,0.005,0.065,
1986,2,0.078,0.068,
1986,3,0.123,0.057,
1986,4,0.104,0.057,
1986,5,-0.024,0.042,
1986,6,0.003,0.004,
1986,7,0.000,-0.043,
1986,8,-0.063,-0.048,
1986,9,-0.130,-0.051,
1986,10,-0.047,-0.056,
1986,11,-0.016,-0.035,
1986,12,-0.021,0.009,
1987,1,0.042,0.015,
1987,2,0.088,0.037,
1987,3,-0.019,0.064,
1987,4,0.096,0.065,
1987,5,0.111,0.041,
1987,6,0.047,0.043,
1987,7,-0.032,0.025,
1987,8,-0.008,0.002,
1987,9,0.005,-0.039,
1987,10,-0.003,-0.062,
1987,11,-0.155,-0.075,
1987,12,-0.149,-0.101,
1988,1,-0.072,-0.121,
1988,2,-0.125,-0.082,
1988,3,-0.106,-0.076,
1988,4,0.039,-0.083,
1988,5,-0.119,
1988,6,-0.105,
1988,8,-0.012,
1988,9,0.063,
1989,1,-0.014,
1989,2,0.068,
1989,3,0.059,
1989,4,-0.112,
1989,6,-0.171,
1989,7,-0.027,
1989,8,0.040,-0.043,
1989,9,0.004,0.008,
1989,10,-0.060,0.026,
1989,11,0.084,0.013,
1989,12,0.060,0.015,
1990,1,-0.022,0.038,
1990,2,0.014,0.026,
1990,3,0.054,-0.001,
1990,4,0.023,-0.007,
1990,5,-0.072,-0.014,
1990,6,-0.054,-0.036,
1990,7,-0.020,-0.066,
1990,8,-0.057,-0.060,
1990,9,-0.126,-0.045,
1990,10,-0.041,-0.031,
1990,11,0.018,-0.002,
1990,12,0.052,0.029,
1991,1,0.086,0.051,
1991,2,0.030,0.057,
1991,3,0.070,0.012,
1991,4,0.048,-0.012,
1991,5,-0.175,-0.022,
1991,6,-0.032,-0.055,
1991,7,-0.020,-0.068,
1991,8,-0.099,-0.057,
1991,9,-0.016,-0.104,
1991,10,-0.119,-0.114,
1991,11,-0.265,-0.067,
1991,12,-0.072,-0.048,
1992,1,0.138,-0.022,
1992,2,0.077,0.042,
1992,3,0.013,0.070,
1992,4,0.051,0.051,
1992,5,0.070,0.029,
1992,6,0.045,0.033,
1992,7,-0.037,0.015,
1992,8,0.037,-0.032,
1992,9,-0.042,-0.067,
1992,10,-0.164,-0.067,
1992,11,-0.127,-0.097,
1992,12,-0.040,-0.094,
1993,1,-0.114,-0.076,
1993,2,-0.023,-0.047,
1993,3,-0.078,-0.018,
1993,4,0.019,-0.018,
1993,5,0.105,-0.054,
1993,6,-0.115,-0.080,
1993,7,-0.203,-0.112,
1993,8,-0.207,-0.144,
1993,9,-0.142,-0.156,
1993,10,-0.054,-0.144,
1993,11,-0.174,-0.112,
1993,12,-0.144,-0.088,
1994,1,-0.046,-0.072,
1994,2,-0.022,-0.051,
1994,3,0.025,-0.011,
1994,4,-0.071,-0.015,
1994,5,0.058,-0.018,
1994,6,-0.063,-0.042,
1994,7,-0.039,-0.020,
1994,8,-0.096,-0.027,
1994,9,0.039,-0.046,
1994,10,0.024,-0.054,
1994,11,-0.155,-0.042,
1994,12,-0.080,-0.044,
1995,1,-0.038,-0.040,
1995,2,0.031,0.000,
1995,3,0.044,0.021,
1995,4,0.043,0.009,
1995,5,0.025,-0.004,
1995,6,-0.096,0.008,
1995,7,-0.037,0.028,
1995,8,0.108,0.054,
1995,9,0.139,0.094,
1995,10,0.156,0.097,
1995,11,0.102,0.061,
1995,12,-0.020,0.019,
1996,1,-0.071,-0.033,
1996,2,-0.070,-0.051,
1996,3,-0.105,-0.054,
1996,4,0.012,-0.057,
1996,5,-0.033,-0.052,
1996,6,-0.087,-0.053,
1996,7,-0.045,-0.074,
1996,8,-0.109,-0.066,
1996,9,-0.094,-0.044,
1996,10,0.007,-0.041,
1996,11,0.023,-0.028,
1996,12,-0.033,-0.032,
1997,1,-0.045,-0.048,
1997,2,-0.114,-0.067,
1997,3,-0.071,-0.040,
1997,4,-0.071,-0.027,
1997,5,0.101,-0.028,
1997,6,0.019,-0.016,
1997,7,-0.121,-0.008,
1997,8,-0.007,-0.043,
1997,9,-0.035,-0.039,
1997,10,-0.071,0.016,
1997,11,0.038,0.017,
1997,12,0.155,0.010,
1998,1,-0.001,0.001,
1998,2,-0.069,-0.003,
1998,3,-0.117,-0.032,
1998,4,0.016,-0.043,
1998,5,0.010,-0.044,
1998,6,-0.057,-0.006,
1998,7,-0.073,0.033,
1998,8,0.074,0.033,
1998,9,0.210,0.035,
1998,10,0.011,0.062,
1998,11,-0.046,0.033,
1998,12,0.064,-0.023,
1999,1,-0.075,-0.013,
1999,2,-0.067,-0.000,
1999,3,0.058,
1999,4,0.019,
2002,10,0.101,
2002,11,-0.016,
2002,12,0.058,0.041,
2003,1,0.057,0.020,
2003,2,0.006,0.014,
2003,3,-0.005,0.004,
2003,4,-0.045,-0.004,
2003,5,0.008,-0.010,
2003,6,0.013,-0.012,
2003,7,-0.022,0.041,
2003,8,-0.015,0.072,
2003,9,0.219,0.082,
2003,10,0.163,0.105,
2003,11,0.067,0.121,
2003,12,0.090,0.061,
2004,1,0.065,0.030,
2004,2,-0.078,0.031,
2004,3,0.008,0.010,
2004,4,0.069,-0.004,
2004,5,-0.016,0.018,
2004,6,-0.005,0.025,
2004,7,0.035,-0.004,
2004,8,0.039,0.014,
2004,9,-0.074,-0.013,
2004,10,0.077,-0.040,
2004,11,-0.140,-0.057,
2004,12,-0.098,-0.040,
2005,1,-0.050,-0.057,
2005,2,0.010,-0.046,
2005,3,-0.004,-0.043,
2005,4,-0.090,-0.053,
2005,5,-0.082,-0.045,
2005,6,-0.099,-0.033,
2005,7,0.050,-0.023,
2005,8,0.057,-0.023,
2005,9,-0.043,-0.006,
2005,10,-0.080,-0.025,
2005,11,-0.017,-0.040,
2005,12,-0.045,-0.042,
2006,1,-0.016,-0.039,
2006,2,-0.051,-0.063,
2006,3,-0.065,-0.068,
2006,4,-0.137,-0.082,
2006,5,-0.070,-0.095,
2006,6,-0.087,-0.086,
2006,7,-0.114,-0.074,
2006,8,-0.021,-0.065,
2006,9,-0.079,-0.041,
2006,10,-0.027,-0.029,
2006,11,0.035,-0.019,
2006,12,-0.054,-0.006,
2007,1,0.029,-0.019,
2007,2,-0.014,-0.046,
2007,3,-0.092,-0.043,
2007,4,-0.100,-0.061,
2007,5,-0.037,-0.077,
2007,6,-0.062,-0.055,
2007,7,-0.093,-0.021,
2007,8,0.017,0.001,
2007,9,0.070,0.032,
2007,10,0.074,0.053,
2007,11,0.094,0.067,
2007,12,0.012,0.046,
2008,1,0.088,0.021,
2008,2,-0.035,-0.004,
2008,3,-0.053,0.005,
2008,4,-0.033,-0.030,
2008,5,0.059,-0.023,
2008,6,-0.085,-0.017,
2008,7,-0.000,-0.007,
2008,8,-0.022,-0.031,
2008,9,0.016,-0.013,
2008,10,-0.061,0.008,
2008,11,0.003,0.027,
2008,12,0.102,0.024,
2009,1,0.075,0.035,
2009,2,-0.001,0.025,
2009,3,-0.006,0.007,
2009,4,-0.044,0.004,
2009,5,0.008,0.015,
2009,6,0.062,0.026,
2009,7,0.052,0.018,
2009,8,0.053,0.038,
2009,9,-0.084,0.029,
2009,10,0.109,
2009,11,0.013,
2010,3,0.009,
2010,4,0.025,
2010,5,-0.126,-0.107,
2010,6,-0.270,-0.122,
2010,7,-0.173,-0.122,
2010,8,-0.067,-0.138,
2010,9,0.028,-0.111,
2010,10,-0.208,-0.087,
2010,11,-0.134,
2010,12,-0.054,
2011,7,-0.049,
2011,8,0.021,
2011,9,0.041,0.052,
2011,10,0.082,0.075,
2011,11,0.162,0.093,
2011,12,0.067,0.084,
2012,1,0.112,0.047,
2012,2,-0.003,0.002,
2012,3,-0.104,-0.003,
2012,4,-0.065,-0.008,
2012,5,0.045,0.013,
2012,6,0.087,0.033,
2012,7,0.102,0.042,
2012,8,-0.005,0.052,
2012,9,-0.017,0.029,
2012,10,0.093,-0.028,
2012,11,-0.027,-0.067,
2012,12,-0.183,-0.072,
2013,1,-0.201,-0.093,
2013,2,-0.044,-0.116,
2013,3,-0.012,-0.086,
2013,4,-0.139,-0.048,
2013,5,-0.031,-0.040,
2013,6,-0.015,-0.034,
2013,7,-0.002,-0.026,
2013,8,0.018,-0.020,
2013,9,-0.099,-0.020,
2013,10,-0.004,-0.047,
2013,11,-0.014,
2013,12,-0.138,
2014,8,0.004,
2014,9,-0.080,
2014,10,-0.068,
2014,11,-0.056,
2015,2,0.127,
2015,3,0.003,
2015,8,-0.022,
2015,9,-0.055,
2015,10,-0.007,-0.023,
2015,11,0.034,-0.036,
2015,12,-0.064,-0.044,
2016,1,-0.089,
2016,2,-0.092,
2016,4,0.052,
2016,5,0.014,
2016,6,0.041,0.038,
2016,7,0.101,0.038,
2016,8,-0.021,
2016,9,0.057,
2016,12,0.023,
2017,1,0.052,
2017,2,-0.008,0.028,
2017,3,0.001,0.041,
2017,4,0.073,0.034,
2017,5,0.088,0.033,
2017,6,0.014,0.035,
2017,7,-0.011,0.043,
2017,8,0.012,0.066,
2017,9,0.113,0.113,
2017,10,0.201,0.129,
2017,11,0.247,0.113,
2017,12,0.069,0.078,
2018,1,-0.068,0.038,
2018,2,-0.060,-0.036,
2018,3,0.002,-0.066,
2018,4,-0.124,-0.055,
2018,5,-0.081,-0.062,
2018,6,-0.011,-0.080,
2018,7,-0.098,-0.074,
2018,8,-0.086,-0.062,
2018,9,-0.094,-0.040,
2018,10,-0.021,-0.027,
2018,11,0.100,0.005,
2018,12,-0.035,0.023,
2019,1,0.074,0.004,
2019,2,-0.003,-0.017,
2019,3,-0.117,-0.006,
2019,4,-0.003,0.015,
2019,5,0.020,0.026,
2019,6,0.180,0.078,
2019,7,0.053,0.085,
2019,8,0.140,0.076,
2019,9,0.034,
2019,10,-0.028,
2023,7,0.046,
2023,8,0.122,
2023,9,0.036,0.060,
2023,10,0.045,0.061,
2023,11,0.052,0.039,
2023,12,0.047,0.029,
2024,1,0.014,-0.014,
2024,2,-0.016,-0.058,
2024,3,-0.167,-0.065,
2024,4,-0.169,-0.057,
2024,5,0.015,-0.043,
2024,6,0.054,-0.007,
2024,7,0.052,0.023,
2024,8,0.012,0.016,
2024,9,-0.018,-0.004,
2024,10,-0.018,
2024,11,-0.048,
