Interannual variation of monthly mean sea level and the 5-month centered average.
The values are in meters.  The average seasonal cycle and the relative sea level trend have been removed.
Column values are the Year; Month; Interannual Variation; and the 5-month centered average of the Interannual Variation.
Product of NOAAs National Ocean Service / Center for Operational Oceanographic Products and Services (CO-OPS)

Year, Month, Interannual_Variation, Five_Month_Average
1900,7,-0.053,
1900,8,-0.068,
1900,9,-0.088,-0.069,
1900,10,-0.039,-0.065,
1900,11,-0.098,-0.057,
1900,12,-0.035,-0.106,
1901,1,-0.028,-0.109,
1901,2,-0.330,-0.057,
1901,3,-0.053,-0.023,
1901,4,0.162,0.003,
1901,5,0.136,0.076,
1901,6,0.099,0.110,
1901,7,0.036,0.100,
1901,8,0.115,0.067,
1901,9,0.114,0.043,
1901,10,-0.027,0.064,
1901,11,-0.022,0.054,
1901,12,0.141,0.040,
1902,1,0.064,0.105,
1902,2,0.044,0.130,
1902,3,0.298,0.102,
1902,4,0.101,0.087,
1902,5,0.005,0.097,
1902,6,-0.011,0.057,
1902,7,0.091,0.060,
1902,8,0.097,0.108,
1902,9,0.120,0.141,
1902,10,0.241,0.168,
1902,11,0.155,0.160,
1902,12,0.227,0.151,
1903,1,0.055,0.152,
1903,2,0.075,0.167,
1903,3,0.246,0.120,
1903,4,0.234,0.146,
1903,5,-0.008,0.144,
1903,6,0.182,0.107,
1903,7,0.066,0.068,
1903,8,0.061,0.110,
1903,9,0.040,0.073,
1903,10,0.201,0.042,
1903,11,-0.004,0.032,
1903,12,-0.087,0.008,
1904,1,0.012,-0.022,
1904,2,-0.083,-0.026,
1904,3,0.054,-0.017,
1904,4,-0.025,-0.016,
1904,5,-0.044,-0.002,
1904,6,0.017,-0.017,
1904,7,-0.013,-0.011,
1904,8,-0.020,0.012,
1904,9,0.004,0.014,
1904,10,0.073,0.017,
1904,11,0.027,0.026,
1904,12,0.001,0.011,
1905,1,0.024,0.014,
1905,2,-0.072,0.003,
1905,3,0.091,-0.015,
1905,4,-0.028,-0.033,
1905,5,-0.090,-0.024,
1905,6,-0.065,-0.044,
1905,7,-0.025,-0.035,
1905,8,-0.014,-0.019,
1905,9,0.019,-0.020,
1905,10,-0.010,-0.000,
1905,11,-0.071,0.024,
1905,12,0.075,0.033,
1906,1,0.107,0.025,
1906,2,0.065,0.059,
1906,3,-0.050,0.038,
1906,4,0.097,0.033,
1906,5,-0.032,0.037,
1906,6,0.087,0.065,
1906,7,0.082,0.048,
1906,8,0.090,0.069,
1906,9,0.013,0.042,
1906,10,0.073,0.005,
1906,11,-0.049,0.003,
1906,12,-0.103,-0.014,
1907,1,0.082,-0.023,
1907,2,-0.075,-0.024,
1907,3,0.032,-0.006,
1907,4,-0.058,-0.010,
1907,5,-0.010,0.005,
1907,6,0.063,-0.010,
1907,7,-0.001,-0.008,
1907,8,-0.044,-0.012,
1907,9,-0.045,0.006,
1907,10,-0.034,0.046,
1907,11,0.152,0.069,
1907,12,0.202,0.090,
1908,1,0.070,0.111,
1908,2,0.059,0.063,
1908,3,0.072,0.043,
1908,4,-0.089,0.028,
1908,5,0.106,0.004,
1908,6,-0.008,-0.010,
1908,7,-0.062,-0.002,
1908,8,0.005,-0.025,
1908,9,-0.052,-0.059,
1908,10,-0.007,-0.066,
1908,11,-0.178,-0.064,
1908,12,-0.100,-0.039,
1909,1,0.015,-0.048,
1909,2,0.077,-0.021,
1909,3,-0.056,0.020,
1909,4,-0.040,0.011,
1909,5,0.102,-0.021,
1909,6,-0.029,-0.013,
1909,7,-0.081,-0.013,
1909,8,-0.016,-0.060,
1909,9,-0.040,-0.069,
1909,10,-0.134,-0.059,
1909,11,-0.075,-0.042,
1909,12,-0.030,-0.048,
1910,1,0.069,0.004,
1910,2,-0.069,0.032,
1910,3,0.124,0.030,
1910,4,0.067,0.024,
1910,5,-0.042,0.040,
1910,6,0.038,0.016,
1910,7,0.014,0.009,
1910,8,0.002,0.008,
1910,9,0.034,-0.012,
1910,10,-0.049,-0.010,
1910,11,-0.062,-0.013,
1910,12,0.025,-0.013,
1911,1,-0.013,-0.013,
1911,2,0.035,0.009,
1911,3,-0.050,-0.010,
1911,4,0.049,0.003,
1911,5,-0.069,-0.015,
1911,6,0.050,-0.012,
1911,7,-0.056,-0.018,
1911,8,-0.035,0.022,
1911,9,0.022,0.013,
1911,10,0.128,0.031,
1911,11,0.005,0.027,
1911,12,0.034,0.011,
1912,1,-0.052,-0.006,
1912,2,-0.057,-0.002,
1912,3,0.041,0.000,
1912,4,0.026,-0.008,
1912,5,0.044,-0.013,
1912,6,-0.093,-0.031,
1912,7,-0.083,-0.029,
1912,8,-0.047,-0.042,
1912,9,0.034,-0.027,
1912,10,-0.020,-0.022,
1912,11,-0.017,0.010,
1912,12,-0.060,-0.011,
1913,1,0.115,-0.020,
1913,2,-0.075,-0.013,
1913,3,-0.062,-0.005,
1913,4,0.017,-0.036,
1913,5,-0.020,-0.035,
1913,6,-0.038,-0.026,
1913,7,-0.071,-0.041,
1913,8,-0.020,-0.024,
1913,9,-0.058,-0.011,
1913,10,0.066,0.002,
1913,11,0.029,0.023,
1913,12,-0.005,0.023,
1914,1,0.085,-0.010,
1914,2,-0.058,-0.002,
1914,3,-0.102,0.003,
1914,4,0.069,-0.032,
1914,5,0.019,-0.011,
1914,6,-0.087,0.001,
1914,7,0.048,-0.028,
1914,8,-0.045,-0.035,
1914,9,-0.076,-0.039,
1914,10,-0.016,-0.042,
1914,11,-0.108,0.006,
1914,12,0.037,0.069,
1915,1,0.195,0.063,
1915,2,0.235,0.062,
1915,3,-0.042,0.047,
1915,4,-0.117,0.008,
1915,5,-0.035,-0.027,
1915,6,0.001,0.006,
1915,7,0.057,0.025,
1915,8,0.126,0.030,
1915,9,-0.024,0.026,
1915,10,-0.010,0.002,
1915,11,-0.019,-0.017,
1915,12,-0.061,-0.018,
1916,1,0.030,-0.032,
1916,2,-0.030,-0.002,
1916,3,-0.081,0.006,
1916,4,0.133,0.015,
1916,5,-0.023,0.026,
1916,6,0.078,0.047,
1916,7,0.025,0.010,
1916,8,0.020,0.002,
1916,9,-0.049,-0.023,
1916,10,-0.065,-0.047,
1916,11,-0.047,-0.052,
1916,12,-0.094,-0.064,
1917,1,-0.003,-0.039,
1917,2,-0.112,-0.035,
1917,3,0.059,-0.013,
1917,4,-0.025,-0.004,
1917,5,0.017,0.026,
1917,6,0.040,0.017,
1917,7,0.041,0.017,
1917,8,0.010,0.010,
1917,9,-0.025,0.001,
1917,10,-0.019,-0.019,
1917,11,-0.002,-0.025,
1917,12,-0.061,-0.012,
1918,1,-0.020,0.004,
1918,2,0.043,0.025,
1918,3,0.059,0.034,
1918,4,0.106,0.039,
1918,5,-0.021,0.028,
1918,6,0.010,0.015,
1918,7,-0.017,-0.013,
1918,8,-0.005,-0.013,
1918,9,-0.034,-0.020,
1918,10,-0.019,-0.000,
1918,11,-0.026,-0.000,
1918,12,0.082,0.013,
1919,1,-0.004,0.026,
1919,2,0.034,0.028,
1919,3,0.041,0.039,
1919,4,-0.013,0.058,
1919,5,0.138,0.077,
1919,6,0.092,0.088,
1919,7,0.126,0.093,
1919,8,0.099,0.078,
1919,9,0.009,0.095,
1919,10,0.066,0.078,
1919,11,0.175,0.050,
1919,12,0.043,0.038,
1920,1,-0.044,0.033,
1920,2,-0.048,0.027,
1920,3,0.041,0.024,
1920,4,0.146,0.039,
1920,5,0.028,0.050,
1920,6,0.028,0.050,
1920,7,0.007,0.018,
1920,8,0.041,0.017,
1920,9,-0.013,0.025,
1920,10,0.024,0.060,
1920,11,0.065,
1920,12,0.186,
1922,6,0.028,
1922,7,0.026,
1922,8,-0.027,-0.008,
1922,9,-0.012,-0.031,
1922,10,-0.054,-0.046,
1922,11,-0.087,-0.045,
1922,12,-0.048,-0.075,
1923,1,-0.022,-0.052,
1923,2,-0.165,-0.031,
1923,3,0.064,-0.021,
1923,4,0.017,-0.044,
1923,5,-0.002,-0.020,
1923,6,-0.136,-0.041,
1923,7,-0.041,-0.060,
1923,8,-0.045,-0.061,
1923,9,-0.073,-0.026,
1923,10,-0.008,-0.007,
1923,11,0.038,0.003,
1923,12,0.055,0.034,
1924,1,0.002,0.051,
1924,2,0.085,0.059,
1924,3,0.074,0.078,
1924,4,0.078,0.083,
1924,5,0.150,0.059,
1924,6,0.028,0.038,
1924,7,-0.032,0.011,
1924,8,-0.033,-0.015,
1924,9,-0.055,-0.035,
1924,10,0.017,-0.063,
1924,11,-0.069,-0.058,
1924,12,-0.177,-0.020,
1925,1,-0.007,-0.037,
1925,2,0.134,-0.035,
1925,3,-0.067,-0.012,
1925,4,-0.056,-0.031,
1925,5,-0.063,-0.070,
1925,6,-0.103,-0.074,
1925,7,-0.060,-0.075,
1925,8,-0.088,-0.092,
1925,9,-0.059,-0.078,
1925,10,-0.148,-0.084,
1925,11,-0.035,-0.092,
1925,12,-0.092,-0.076,
1926,1,-0.126,-0.069,
1926,2,0.024,-0.083,
1926,3,-0.115,-0.083,
1926,4,-0.105,-0.073,
1926,5,-0.095,-0.092,
1926,6,-0.076,-0.060,
1926,7,-0.070,-0.029,
1926,8,0.043,-0.008,
1926,9,0.051,0.019,
1926,10,0.011,0.028,
1926,11,0.058,-0.003,
1926,12,-0.025,0.015,
1927,1,-0.109,0.027,
1927,2,0.137,0.007,
1927,3,0.074,0.014,
1927,4,-0.041,0.036,
1927,5,0.009,0.007,
1927,6,0.003,-0.000,
1927,7,-0.012,0.011,
1927,8,0.040,0.034,
1927,9,0.014,0.061,
1927,10,0.127,0.101,
1927,11,0.138,0.071,
1927,12,0.185,0.080,
1928,1,-0.109,0.045,
1928,2,0.061,0.013,
1928,3,-0.048,-0.015,
1928,4,-0.026,0.021,
1928,5,0.049,0.035,
1928,6,0.070,0.059,
1928,7,0.132,0.073,
1928,8,0.068,0.046,
1928,9,0.048,0.002,
1928,10,-0.087,-0.044,
1928,11,-0.152,-0.098,
1928,12,-0.095,-0.104,
1929,1,-0.203,-0.084,
1929,2,0.015,-0.031,
1929,3,0.013,-0.021,
1929,4,0.117,0.014,
1929,5,-0.049,-0.006,
1929,6,-0.027,-0.022,
1929,7,-0.082,-0.055,
1929,8,-0.069,-0.056,
1929,9,-0.050,-0.053,
1929,10,-0.053,-0.042,
1929,11,-0.009,-0.028,
1929,12,-0.028,-0.010,
1930,1,-0.002,-0.011,
1930,2,0.043,-0.035,
1930,3,-0.057,-0.058,
1930,4,-0.130,-0.074,
1930,5,-0.146,-0.096,
1930,6,-0.082,-0.095,
1930,7,-0.066,-0.085,
1930,8,-0.051,-0.064,
1930,9,-0.077,-0.077,
1930,10,-0.045,-0.084,
1930,11,-0.146,-0.094,
1930,12,-0.101,-0.093,
1931,1,-0.102,-0.069,
1931,2,-0.071,-0.051,
1931,3,0.074,-0.034,
1931,4,-0.054,-0.012,
1931,5,-0.015,0.016,
1931,6,0.006,0.004,
1931,7,0.068,0.007,
1931,8,0.015,-0.001,
1931,9,-0.037,-0.022,
1931,10,-0.057,-0.058,
1931,11,-0.097,-0.038,
1931,12,-0.116,-0.020,
1932,1,0.117,-0.050,
1932,2,0.051,-0.043,
1932,3,-0.204,-0.038,
1932,4,-0.063,-0.074,
1932,5,-0.094,-0.095,
1932,6,-0.058,-0.066,
1932,7,-0.054,-0.058,
1932,8,-0.061,-0.049,
1932,9,-0.022,0.004,
1932,10,-0.048,0.026,
1932,11,0.205,0.060,
1932,12,0.054,0.048,
1933,1,0.111,0.055,
1933,2,-0.080,0.042,
1933,3,-0.015,0.041,
1933,4,0.138,0.025,
1933,5,0.052,0.052,
1933,6,0.028,0.092,
1933,7,0.055,0.096,
1933,8,0.186,0.095,
1933,9,0.161,0.077,
1933,10,0.044,0.059,
1933,11,-0.060,0.022,
1933,12,-0.038,-0.044,
1934,1,0.004,-0.068,
1934,2,-0.171,-0.043,
1934,3,-0.076,-0.043,
1934,4,0.065,-0.042,
1934,5,-0.036,-0.006,
1934,6,0.008,0.003,
1934,7,0.006,0.006,
1934,8,-0.027,0.013,
1934,9,0.078,0.006,
1934,10,0.001,0.005,
1934,11,-0.030,0.009,
1934,12,0.002,-0.014,
1935,1,-0.005,-0.012,
1935,2,-0.037,-0.001,
1935,3,0.009,-0.011,
1935,4,0.025,-0.009,
1935,5,-0.047,0.012,
1935,6,0.005,0.014,
1935,7,0.067,0.008,
1935,8,0.018,0.008,
1935,9,-0.005,0.048,
1935,10,-0.045,0.035,
1935,11,0.204,0.028,
1935,12,0.002,0.034,
1936,1,-0.015,0.111,
1936,2,0.024,0.074,
1936,3,0.341,0.057,
1936,4,0.019,0.058,
1936,5,-0.086,0.056,
1936,6,-0.010,-0.021,
1936,7,0.018,-0.032,
1936,8,-0.046,-0.014,
1936,9,-0.035,-0.034,
1936,10,0.004,-0.030,
1936,11,-0.113,0.020,
1936,12,0.039,0.059,
1937,1,0.202,0.036,
1937,2,0.164,0.081,
1937,3,-0.110,0.082,
1937,4,0.108,0.047,
1937,5,0.045,0.025,
1937,6,0.030,0.046,
1937,7,0.052,0.023,
1937,8,-0.003,0.021,
1937,9,-0.008,0.021,
1937,10,0.035,0.016,
1937,11,0.027,0.043,
1937,12,0.029,0.065,
1938,1,0.132,0.058,
1938,2,0.100,0.044,
1938,3,0.003,0.035,
1938,4,-0.043,0.011,
1938,5,-0.016,0.008,
1938,6,0.012,0.016,
1938,7,0.085,0.035,
1938,8,0.040,0.053,
1938,9,0.056,0.052,
1938,10,0.070,0.058,
1938,11,0.009,0.050,
1938,12,0.115,0.066,
1939,1,-0.002,0.070,
1939,2,0.137,0.079,
1939,3,0.092,0.057,
1939,4,0.052,0.057,
1939,5,0.005,0.027,
1939,6,-0.001,0.016,
1939,7,-0.012,0.006,
1939,8,0.033,-0.004,
1939,9,0.005,-0.008,
1939,10,-0.046,-0.027,
1939,11,-0.021,-0.054,
1939,12,-0.108,-0.045,
1940,1,-0.100,-0.042,
1940,2,0.050,-0.007,
1940,3,-0.030,0.033,
1940,4,0.153,0.062,
1940,5,0.094,0.049,
1940,6,0.045,0.057,
1940,7,-0.018,0.031,
1940,8,0.009,0.014,
1940,9,0.026,0.005,
1940,10,0.006,0.026,
1940,11,0.003,0.045,
1940,12,0.088,0.023,
1941,1,0.101,-0.008,
1941,2,-0.081,-0.001,
1941,3,-0.153,-0.038,
1941,4,0.040,-0.059,
1941,5,-0.095,-0.041,
1941,6,-0.007,-0.019,
1941,7,0.012,-0.046,
1941,8,-0.046,-0.046,
1941,9,-0.093,-0.066,
1941,10,-0.097,-0.082,
1941,11,-0.104,-0.078,
1941,12,-0.072,-0.083,
1942,1,-0.024,-0.051,
1942,2,-0.117,-0.039,
1942,3,0.063,-0.019,
1942,4,-0.045,-0.006,
1942,5,0.027,0.018,
1942,6,0.042,0.016,
1942,7,0.002,0.035,
1942,8,0.054,0.050,
1942,9,0.050,0.043,
1942,10,0.101,0.039,
1942,11,0.006,0.035,
1942,12,-0.017,0.025,
1943,1,0.034,0.002,
1943,2,0.002,-0.021,
1943,3,-0.013,-0.019,
1943,4,-0.109,-0.024,
1943,5,-0.007,-0.029,
1943,6,0.005,-0.033,
1943,7,-0.022,-0.024,
1943,8,-0.034,-0.024,
1943,9,-0.063,-0.032,
1943,10,-0.009,-0.062,
1943,11,-0.034,-0.068,
1943,12,-0.169,-0.070,
1944,1,-0.063,-0.071,
1944,2,-0.074,-0.066,
1944,3,-0.016,-0.038,
1944,4,-0.006,-0.028,
1944,5,-0.029,-0.019,
1944,6,-0.017,-0.033,
1944,7,-0.028,-0.046,
1944,8,-0.086,-0.055,
1944,9,-0.069,-0.044,
1944,10,-0.076,-0.062,
1944,11,0.036,-0.071,
1944,12,-0.117,-0.061,
1945,1,-0.128,-0.026,
1945,2,-0.022,-0.042,
1945,3,0.100,-0.009,
1945,4,-0.042,0.033,
1945,5,0.047,0.065,
1945,6,0.081,0.056,
1945,7,0.137,0.080,
1945,8,0.058,0.076,
1945,9,0.077,0.082,
1945,10,0.025,0.087,
1945,11,0.112,0.084,
1945,12,0.163,0.057,
1946,1,0.043,0.077,
1946,2,-0.056,0.044,
1946,3,0.121,0.022,
1946,4,-0.051,0.025,
1946,5,0.054,0.045,
1946,6,0.060,0.026,
1946,7,0.042,0.037,
1946,8,0.027,0.030,
1946,9,0.001,0.017,
1946,10,0.022,-0.013,
1946,11,-0.007,-0.019,
1946,12,-0.105,-0.050,
1947,1,-0.006,-0.069,
1947,2,-0.153,-0.064,
1947,3,-0.074,-0.032,
1947,4,0.018,-0.020,
1947,5,0.054,0.021,
1947,6,0.057,0.038,
1947,7,0.048,0.031,
1947,8,0.012,0.008,
1947,9,-0.014,0.029,
1947,10,-0.061,-0.000,
1947,11,0.161,-0.012,
1947,12,-0.099,0.005,
1948,1,-0.046,0.042,
1948,2,0.068,0.011,
1948,3,0.128,0.047,
1948,4,0.006,0.070,
1948,5,0.078,0.057,
1948,6,0.069,0.027,
1948,7,0.006,0.022,
1948,8,-0.023,0.015,
1948,9,-0.020,0.012,
1948,10,0.045,0.029,
1948,11,0.054,0.070,
1948,12,0.087,0.103,
1949,1,0.183,0.071,
1949,2,0.144,0.052,
1949,3,-0.110,0.040,
1949,4,-0.046,-0.000,
1949,5,0.029,-0.035,
1949,6,-0.019,-0.019,
1949,7,-0.028,-0.028,
1949,8,-0.032,-0.034,
1949,9,-0.087,-0.038,
1949,10,-0.006,-0.056,
1949,11,-0.037,-0.059,
1949,12,-0.117,-0.035,
1950,1,-0.046,-0.066,
1950,2,0.029,-0.073,
1950,3,-0.160,-0.061,
1950,4,-0.073,-0.069,
1950,5,-0.056,-0.088,
1950,6,-0.083,-0.065,
1950,7,-0.067,-0.053,
1950,8,-0.047,-0.044,
1950,9,-0.011,-0.010,
1950,10,-0.013,0.030,
1950,11,0.091,0.043,
1950,12,0.129,0.063,
1951,1,0.019,0.094,
1951,2,0.087,0.085,
1951,3,0.142,0.060,
1951,4,0.049,0.071,
1951,5,0.002,0.051,
1951,6,0.075,0.024,
1951,7,-0.013,0.009,
1951,8,0.008,0.016,
1951,9,-0.027,0.014,
1951,10,0.036,0.023,
1951,11,0.067,0.046,
1951,12,0.031,0.069,
1952,1,0.125,0.077,
1952,2,0.087,0.082,
1952,3,0.075,0.096,
1952,4,0.091,0.073,
1952,5,0.102,0.053,
1952,6,0.007,0.033,
1952,7,-0.013,0.023,
1952,8,-0.025,-0.022,
1952,9,0.040,-0.012,
1952,10,-0.122,0.031,
1952,11,0.060,0.077,
1952,12,0.199,0.077,
1953,1,0.207,0.115,
1953,2,0.038,0.115,
1953,3,0.072,0.096,
1953,4,0.058,0.053,
1953,5,0.102,0.041,
1953,6,-0.005,0.025,
1953,7,-0.022,0.005,
1953,8,-0.010,-0.020,
1953,9,-0.042,-0.016,
1953,10,-0.022,-0.021,
1953,11,0.017,-0.029,
1953,12,-0.048,-0.010,
1954,1,-0.052,-0.017,
1954,2,0.053,-0.030,
1954,3,-0.056,-0.008,
1954,4,-0.046,0.000,
1954,5,0.059,-0.014,
1954,6,-0.008,-0.018,
1954,7,-0.019,-0.017,
1954,8,-0.077,-0.034,
1954,9,-0.039,-0.030,
1954,10,-0.028,-0.038,
1954,11,0.011,-0.021,
1954,12,-0.057,-0.018,
1955,1,0.006,-0.023,
1955,2,-0.023,-0.018,
1955,3,-0.050,-0.018,
1955,4,0.037,-0.019,
1955,5,-0.057,-0.019,
1955,6,-0.002,0.032,
1955,7,-0.025,0.027,
1955,8,0.206,0.074,
1955,9,0.013,0.084,
1955,10,0.180,0.069,
1955,11,0.045,0.034,
1955,12,-0.100,0.032,
1956,1,0.033,0.003,
1956,2,0.004,0.008,
1956,3,0.036,0.027,
1956,4,0.066,0.022,
1956,5,-0.005,0.026,
1956,6,0.007,0.027,
1956,7,0.026,0.025,
1956,8,0.042,0.040,
1956,9,0.055,0.047,
1956,10,0.069,0.060,
1956,11,0.045,0.041,
1956,12,0.089,0.045,
1957,1,-0.052,0.046,
1957,2,0.071,0.025,
1957,3,0.078,0.002,
1957,4,-0.062,0.011,
1957,5,-0.026,-0.008,
1957,6,-0.008,-0.031,
1957,7,-0.022,-0.032,
1957,8,-0.038,-0.034,
1957,9,-0.064,-0.044,
1957,10,-0.038,-0.040,
1957,11,-0.059,-0.024,
1957,12,0.001,-0.027,
1958,1,0.039,0.014,
1958,2,-0.079,0.070,
1958,3,0.166,0.082,
1958,4,0.222,0.070,
1958,5,0.059,0.077,
1958,6,-0.020,0.043,
1958,7,-0.041,-0.012,
1958,8,-0.005,-0.013,
1958,9,-0.051,-0.005,
1958,10,0.054,0.000,
1958,11,0.020,-0.004,
1958,12,-0.017,-0.007,
1959,1,-0.025,-0.031,
1959,2,-0.066,
1959,3,-0.066,
1959,8,-0.002,
1959,9,-0.024,
1959,11,-0.016,
1959,12,0.110,
1960,4,0.060,
1960,5,0.059,
1961,1,-0.058,
1961,2,0.098,
1961,3,0.141,0.050,
1961,4,0.072,0.048,
1961,5,-0.003,0.023,
1961,6,-0.070,-0.008,
1961,7,-0.026,-0.025,
1961,8,-0.014,-0.036,
1961,9,-0.013,-0.030,
1961,10,-0.056,-0.038,
1961,11,-0.042,-0.042,
1961,12,-0.067,-0.023,
1962,1,-0.032,0.018,
1962,2,0.080,0.015,
1962,3,0.151,0.022,
1962,4,-0.059,0.020,
1962,5,-0.030,-0.003,
1962,6,-0.042,-0.025,
1962,7,-0.038,-0.011,
1962,8,0.044,-0.009,
1962,9,0.009,0.017,
1962,10,-0.019,0.009,
1962,11,0.087,-0.022,
1962,12,-0.076,-0.059,
1963,1,-0.111,-0.049,
1963,2,-0.176,-0.089,
1963,3,0.029,-0.098,
1963,4,-0.110,-0.083,
1963,5,-0.121,-0.062,
1963,6,-0.036,-0.089,
1963,7,-0.072,-0.075,
1963,8,-0.108,-0.075,
1963,9,-0.037,-0.073,
1963,10,-0.123,-0.088,
1963,11,-0.026,-0.073,
1963,12,-0.146,-0.082,
1964,1,-0.032,-0.062,
1964,2,-0.085,-0.078,
1964,3,-0.023,-0.064,
1964,4,-0.102,-0.081,
1964,5,-0.076,-0.079,
1964,6,-0.118,-0.086,
1964,7,-0.075,-0.072,
1964,8,-0.059,-0.075,
1964,9,-0.034,-0.061,
1964,10,-0.086,-0.067,
1964,11,-0.051,-0.064,
1964,12,-0.103,-0.064,
1965,1,-0.047,-0.063,
1965,2,-0.030,-0.076,
1965,3,-0.081,-0.074,
1965,4,-0.117,-0.089,
1965,5,-0.097,-0.093,
1965,6,-0.121,-0.098,
1965,7,-0.050,-0.088,
1965,8,-0.106,-0.088,
1965,9,-0.064,-0.084,
1965,10,-0.099,-0.086,
1965,11,-0.102,-0.090,
1965,12,-0.058,-0.086,
1966,1,-0.129,-0.069,
1966,2,-0.040,-0.057,
1966,3,-0.014,-0.057,
1966,4,-0.044,-0.050,
1966,5,-0.060,-0.053,
1966,6,-0.091,-0.067,
1966,7,-0.053,-0.061,
1966,8,-0.085,-0.074,
1966,9,-0.015,-0.058,
1966,10,-0.124,-0.063,
1966,11,-0.014,-0.049,
1966,12,-0.079,-0.053,
1967,1,-0.013,-0.030,
1967,2,-0.037,-0.031,
1967,3,-0.009,-0.011,
1967,4,-0.017,-0.015,
1967,5,0.022,-0.010,
1967,6,-0.033,-0.004,
1967,7,-0.014,-0.004,
1967,8,0.025,-0.019,
1967,9,-0.021,-0.030,
1967,10,-0.053,-0.010,
1967,11,-0.084,-0.029,
1967,12,0.085,-0.042,
1968,1,-0.071,-0.047,
1968,2,-0.088,-0.046,
1968,3,-0.079,-0.062,
1968,4,-0.078,-0.032,
1968,5,0.004,-0.016,
1968,6,0.080,-0.010,
1968,7,-0.009,-0.000,
1968,8,-0.048,-0.022,
1968,9,-0.027,-0.036,
1968,10,-0.105,-0.067,
1968,11,0.008,-0.083,
1968,12,-0.165,-0.084,
1969,1,-0.123,-0.077,
1969,2,-0.033,-0.091,
1969,3,-0.073,-0.072,
1969,4,-0.062,-0.042,
1969,5,-0.066,-0.019,
1969,6,0.024,0.004,
1969,7,0.083,0.017,
1969,8,0.040,0.028,
1969,9,0.002,0.033,
1969,10,-0.011,0.011,
1969,11,0.049,-0.010,
1969,12,-0.028,-0.005,
1970,1,-0.065,-0.013,
1970,2,0.031,-0.023,
1970,3,-0.054,-0.029,
1970,4,-0.001,-0.024,
1970,5,-0.058,-0.036,
1970,6,-0.037,-0.025,
1970,7,-0.033,-0.036,
1970,8,0.004,-0.019,
1970,9,-0.059,0.021,
1970,10,0.029,0.036,
1970,11,0.162,0.025,
1970,12,0.042,0.057,
1971,1,-0.048,0.052,
1971,2,0.101,0.012,
1971,3,0.004,0.005,
1971,4,-0.038,0.018,
1971,5,0.006,-0.012,
1971,6,0.018,-0.017,
1971,7,-0.051,0.002,
1971,8,-0.020,0.029,
1971,9,0.054,0.043,
1971,10,0.145,0.061,
1971,11,0.086,0.066,
1971,12,0.042,0.051,
1972,1,0.004,0.033,
1972,2,-0.021,0.023,
1972,3,0.053,0.032,
1972,4,0.035,0.061,
1972,5,0.088,0.077,
1972,6,0.152,0.065,
1972,7,0.059,0.060,
1972,8,-0.011,0.033,
1972,9,0.011,0.043,
1972,10,-0.044,0.067,
1972,11,0.202,0.086,
1972,12,0.177,0.111,
1973,1,0.084,0.140,
1973,2,0.137,0.117,
1973,3,0.098,0.102,
1973,4,0.089,0.097,
1973,5,0.104,0.085,
1973,6,0.055,0.072,
1973,7,0.080,0.056,
1973,8,0.032,0.036,
1973,9,0.008,-0.001,
1973,10,0.007,0.002,
1973,11,-0.133,0.025,
1973,12,0.097,0.035,
1974,1,0.145,0.021,
1974,2,0.058,0.043,
1974,3,-0.060,0.025,
1974,4,-0.026,0.001,
1974,5,0.006,-0.011,
1974,6,0.028,-0.005,
1974,7,-0.002,0.000,
1974,8,-0.033,-0.027,
1974,9,0.002,-0.045,
1974,10,-0.130,-0.024,
1974,11,-0.060,-0.012,
1974,12,0.100,0.005,
1975,1,0.029,0.026,
1975,2,0.085,-0.005,
1975,3,-0.023,-0.017,
1975,4,-0.215,-0.016,
1975,5,0.040,-0.023,
1975,6,0.031,-0.024,
1975,7,0.053,0.022,
1975,8,-0.030,0.030,
1975,9,0.018,0.044,
1975,10,0.077,0.038,
1975,11,0.101,0.044,
1975,12,0.024,0.049,
1976,1,0.001,0.030,
1976,2,0.042,-0.016,
1976,3,-0.018,-0.044,
1976,4,-0.130,-0.057,
1976,5,-0.113,-0.073,
1976,6,-0.064,-0.082,
1976,7,-0.039,-0.070,
1976,8,-0.064,-0.045,
1976,9,-0.068,-0.064,
1976,10,0.013,-0.101,
1976,11,-0.161,-0.129,
1976,12,-0.224,-0.152,
1977,1,-0.206,-0.161,
1977,2,-0.180,-0.146,
1977,3,-0.033,-0.126,
1977,4,-0.090,-0.098,
1977,5,-0.122,-0.083,
1977,6,-0.067,-0.092,
1977,7,-0.101,-0.066,
1977,8,-0.082,-0.041,
1977,9,0.044,-0.013,
1977,10,-0.002,0.033,
1977,11,0.074,0.060,
1977,12,0.130,0.060,
1978,1,0.053,0.067,
1978,2,0.045,0.055,
1978,3,0.034,0.043,
1978,4,0.013,0.016,
1978,5,0.070,0.002,
1978,6,-0.083,-0.005,
1978,7,-0.024,-0.004,
1978,8,0.000,-0.030,
1978,9,0.014,-0.008,
1978,10,-0.057,-0.025,
1978,11,0.024,-0.002,
1978,12,-0.108,-0.014,
1979,1,0.117,0.000,
1979,2,-0.046,-0.017,
1979,3,0.015,0.003,
1979,4,-0.063,-0.027,
1979,5,-0.010,-0.025,
1979,6,-0.034,-0.036,
1979,7,-0.036,-0.021,
1979,8,-0.036,-0.021,
1979,9,0.011,-0.017,
1979,10,-0.011,-0.031,
1979,11,-0.015,-0.032,
1979,12,-0.105,-0.056,
1980,1,-0.039,-0.079,
1980,2,-0.110,-0.066,
1980,3,-0.125,-0.048,
1980,4,0.050,-0.066,
1980,5,-0.016,-0.063,
1980,6,-0.129,-0.054,
1980,7,-0.094,-0.087,
1980,8,-0.082,-0.111,
1980,9,-0.114,-0.114,
1980,10,-0.136,-0.135,
1980,11,-0.143,-0.161,
1980,12,-0.199,-0.144,
1981,1,-0.213,-0.136,
1981,2,-0.031,-0.136,
1981,3,-0.094,-0.085,
1981,4,-0.142,-0.056,
1981,5,0.054,-0.062,
1981,6,-0.068,-0.053,
1981,7,-0.061,-0.035,
1981,8,-0.048,-0.071,
1981,9,-0.050,-0.070,
1981,10,-0.127,-0.080,
1981,11,-0.061,-0.098,
1981,12,-0.111,-0.087,
1982,1,-0.142,-0.078,
1982,2,0.009,-0.107,
1982,3,-0.082,-0.103,
1982,4,-0.207,-0.061,
1982,5,-0.095,-0.074,
1982,6,0.070,-0.076,
1982,7,-0.058,-0.048,
1982,8,-0.088,-0.027,
1982,9,-0.068,-0.062,
1982,10,0.009,-0.050,
1982,11,-0.104,-0.036,
1982,12,-0.001,-0.001,
1983,1,-0.017,0.019,
1983,2,0.105,0.074,
1983,3,0.110,0.078,
1983,4,0.174,0.082,
1983,5,0.018,0.055,
1983,6,0.003,0.032,
1983,7,-0.027,-0.010,
1983,8,-0.007,-0.006,
1983,9,-0.038,0.002,
1983,10,0.040,0.017,
1983,11,0.043,0.012,
1983,12,0.045,0.031,
1984,1,-0.030,0.022,
1984,2,0.057,0.052,
1984,3,-0.003,0.044,
1984,4,0.192,0.050,
1984,5,0.003,0.044,
1984,6,0.003,0.047,
1984,7,0.025,-0.003,
1984,8,0.012,0.003,
1984,9,-0.056,-0.006,
1984,10,0.031,-0.017,
1984,11,-0.042,-0.046,
1984,12,-0.028,-0.049,
1985,1,-0.133,-0.085,
1985,2,-0.074,-0.105,
1985,3,-0.150,-0.111,
1985,4,-0.140,-0.100,
1985,5,-0.058,-0.094,
1985,6,-0.080,-0.075,
1985,7,-0.039,-0.052,
1985,8,-0.055,-0.046,
1985,9,-0.026,0.004,
1985,10,-0.027,0.013,
1985,11,0.168,-0.001,
1985,12,0.004,0.021,
1986,1,-0.124,0.010,
1986,2,0.084,-0.010,
1986,3,-0.080,-0.010,
1986,4,0.068,-0.001,
1986,5,-0.000,-0.023,
1986,6,-0.076,-0.013,
1986,7,-0.028,-0.046,
1986,8,-0.028,-0.057,
1986,9,-0.100,-0.044,
1986,10,-0.054,-0.029,
1986,11,-0.012,-0.018,
1986,12,0.050,-0.016,
1987,1,0.028,0.013,
1987,2,-0.089,0.038,
1987,3,0.088,0.012,
1987,4,0.113,-0.005,
1987,5,-0.081,0.013,
1987,6,-0.059,-0.006,
1987,7,0.003,-0.021,
1987,8,-0.009,-0.024,
1987,9,0.041,-0.026,
1987,10,-0.097,-0.024,
1987,11,-0.068,-0.046,
1987,12,0.011,-0.052,
1988,1,-0.119,-0.057,
1988,2,0.011,-0.045,
1988,3,-0.122,-0.045,
1988,4,-0.005,-0.038,
1988,5,0.011,-0.055,
1988,6,-0.083,-0.047,
1988,7,-0.077,-0.068,
1988,8,-0.079,-0.093,
1988,9,-0.115,-0.091,
1988,10,-0.112,-0.102,
1988,11,-0.074,-0.103,
1988,12,-0.130,-0.096,
1989,1,-0.085,-0.092,
1989,2,-0.077,-0.103,
1989,3,-0.092,-0.064,
1989,4,-0.133,-0.041,
1989,5,0.066,-0.021,
1989,6,0.032,-0.002,
1989,7,0.024,0.024,
1989,8,0.003,0.008,
1989,9,-0.005,-0.017,
1989,10,-0.016,
1989,11,-0.093,
1990,2,0.024,
1990,3,-0.137,
1990,4,-0.121,-0.060,
1990,5,0.014,-0.075,
1990,6,-0.079,-0.048,
1990,7,-0.051,-0.032,
1990,8,-0.005,-0.045,
1990,9,-0.037,-0.047,
1990,10,-0.053,-0.035,
1990,11,-0.086,-0.016,
1990,12,0.008,-0.013,
1991,1,0.089,0.007,
1991,2,-0.021,0.009,
1991,3,0.046,-0.002,
1991,4,-0.079,-0.031,
1991,5,-0.047,-0.032,
1991,6,-0.056,-0.055,
1991,7,-0.023,-0.059,
1991,8,-0.069,-0.058,
1991,9,-0.100,-0.051,
1991,10,-0.040,-0.060,
1991,11,-0.025,-0.052,
1991,12,-0.064,-0.036,
1992,1,-0.032,-0.044,
1992,2,-0.020,-0.050,
1992,3,-0.077,-0.043,
1992,4,-0.055,-0.031,
1992,5,-0.029,-0.019,
1992,6,0.028,-0.013,
1992,7,0.038,-0.018,
1992,8,-0.045,-0.031,
1992,9,-0.082,-0.027,
1992,10,-0.093,-0.022,
1992,11,0.049,-0.007,
1992,12,0.060,0.011,
1993,1,0.031,0.031,
1993,2,0.009,0.065,
1993,3,0.004,0.059,
1993,4,0.223,0.036,
1993,5,0.026,0.032,
1993,6,-0.082,0.028,
1993,7,-0.010,-0.027,
1993,8,-0.016,-0.042,
1993,9,-0.052,-0.031,
1993,10,-0.048,
1993,11,-0.027,
1994,3,0.071,
1994,4,-0.001,
1994,5,-0.046,-0.017,
1994,6,-0.072,-0.038,
1994,7,-0.034,-0.048,
1994,8,-0.034,-0.045,
1994,9,-0.050,-0.050,
1994,10,-0.032,-0.033,
1994,11,-0.100,-0.029,
1994,12,0.053,-0.051,
1995,1,-0.016,-0.050,
1995,2,-0.158,-0.061,
1995,3,-0.031,-0.079,
1995,4,-0.154,-0.092,
1995,5,-0.038,-0.066,
1995,6,-0.079,-0.051,
1995,7,-0.030,-0.023,
1995,8,0.045,-0.017,
1995,9,-0.015,0.003,
1995,10,-0.006,-0.008,
1995,11,0.023,0.021,
1995,12,-0.086,0.028,
1996,1,0.187,0.019,
1996,2,0.022,0.024,
1996,3,-0.048,0.046,
1996,4,0.043,0.008,
1996,5,0.027,0.009,
1996,6,-0.004,0.022,
1996,7,0.026,0.038,
1996,8,0.017,0.058,
1996,9,0.125,0.079,
1996,10,0.123,0.139,
1996,11,0.102,0.160,
1996,12,0.325,0.151,
1997,1,0.123,0.129,
1997,2,0.079,0.111,
1997,3,0.017,0.031,
1997,4,0.012,0.016,
1997,5,-0.076,-0.006,
1997,6,0.046,-0.011,
1997,7,-0.028,-0.022,
1997,8,-0.010,-0.012,
1997,9,-0.043,-0.017,
1997,10,-0.025,-0.012,
1997,11,0.023,0.026,
1997,12,-0.006,0.092,
1998,1,0.179,0.116,
1998,2,0.288,0.128,
1998,3,0.095,0.159,
1998,4,0.083,0.129,
1998,5,0.152,0.072,
1998,6,0.026,0.050,
1998,7,0.005,0.028,
1998,8,-0.014,-0.021,
1998,9,-0.030,-0.041,
1998,10,-0.092,-0.054,
1998,11,-0.076,-0.050,
1998,12,-0.055,-0.019,
1999,1,0.005,-0.020,
1999,2,0.122,-0.014,
1999,3,-0.095,-0.007,
1999,4,-0.046,-0.023,
1999,5,-0.021,-0.058,
1999,6,-0.077,-0.040,
1999,7,-0.050,-0.023,
1999,8,-0.004,-0.032,
1999,9,0.039,-0.035,
1999,10,-0.070,-0.035,
1999,11,-0.090,-0.070,
1999,12,-0.051,-0.093,
2000,1,-0.177,-0.072,
2000,2,-0.075,-0.059,
2000,3,0.036,-0.045,
2000,4,-0.026,-0.015,
2000,5,0.016,0.003,
2000,6,-0.026,-0.004,
2000,7,0.017,-0.005,
2000,8,-0.002,-0.029,
2000,9,-0.029,-0.034,
2000,10,-0.105,-0.059,
2000,11,-0.049,-0.055,
2000,12,-0.108,-0.067,
2001,1,0.015,-0.055,
2001,2,-0.089,-0.054,
2001,3,-0.044,-0.043,
2001,4,-0.044,-0.057,
2001,5,-0.053,-0.050,
2001,6,-0.057,-0.053,
2001,7,-0.050,-0.049,
2001,8,-0.062,-0.058,
2001,9,-0.021,-0.064,
2001,10,-0.098,-0.067,
2001,11,-0.090,-0.079,
2001,12,-0.064,-0.079,
2002,1,-0.122,-0.099,
2002,2,-0.023,-0.114,
2002,3,-0.195,-0.119,
2002,4,-0.165,-0.101,
2002,5,-0.089,-0.111,
2002,6,-0.031,-0.084,
2002,7,-0.073,-0.057,
2002,8,-0.060,-0.029,
2002,9,-0.030,-0.034,
2002,10,0.049,-0.026,
2002,11,-0.054,-0.033,
2002,12,-0.033,-0.047,
2003,1,-0.098,-0.046,
2003,2,-0.100,-0.030,
2003,3,0.057,-0.025,
2003,4,0.025,0.017,
2003,5,-0.009,0.035,
2003,6,0.111,0.021,
2003,7,-0.011,0.049,
2003,8,-0.011,0.056,
2003,9,0.165,0.043,
2003,10,0.024,0.057,
2003,11,0.048,0.029,
2003,12,0.058,-0.013,
2004,1,-0.151,-0.025,
2004,2,-0.045,-0.055,
2004,3,-0.035,-0.078,
2004,4,-0.104,-0.057,
2004,5,-0.056,-0.040,
2004,6,-0.043,-0.026,
2004,7,0.038,0.024,
2004,8,0.033,0.063,
2004,9,0.147,0.080,
2004,10,0.141,0.089,
2004,11,0.039,0.109,
2004,12,0.082,0.104,
2005,1,0.135,0.077,
2005,2,0.123,0.113,
2005,3,0.008,0.110,
2005,4,0.216,0.083,
2005,5,0.069,0.065,
2005,6,-0.001,0.064,
2005,7,0.033,0.012,
2005,8,0.002,0.017,
2005,9,-0.044,0.011,
2005,10,0.096,-0.002,
2005,11,-0.033,0.019,
2005,12,-0.031,0.031,
2006,1,0.104,-0.016,
2006,2,0.016,-0.020,
2006,3,-0.138,-0.008,
2006,4,-0.051,-0.023,
2006,5,0.030,-0.024,
2006,6,0.030,0.003,
2006,7,0.011,0.036,
2006,8,-0.003,0.036,
2006,9,0.111,0.067,
2006,10,0.032,0.057,
2006,11,0.186,0.052,
2006,12,-0.042,-0.018,
2007,1,-0.027,-0.047,
2007,2,-0.240,-0.074,
2007,3,-0.110,-0.081,
2007,4,0.049,-0.076,
2007,5,-0.075,-0.034,
2007,6,-0.001,-0.011,
2007,7,-0.032,-0.033,
2007,8,0.002,-0.015,
2007,9,-0.061,-0.018,
2007,10,0.020,-0.010,
2007,11,-0.020,-0.011,
2007,12,0.009,0.013,
2008,1,-0.005,0.022,
2008,2,0.062,0.027,
2008,3,0.064,0.037,
2008,4,0.006,0.030,
2008,5,0.058,0.012,
2008,6,-0.039,-0.007,
2008,7,-0.029,-0.007,
2008,8,-0.030,-0.025,
2008,9,0.005,-0.023,
2008,10,-0.033,-0.023,
2008,11,-0.026,-0.030,
2008,12,-0.031,-0.044,
2009,1,-0.067,-0.048,
2009,2,-0.062,-0.053,
2009,3,-0.054,-0.056,
2009,4,-0.052,-0.009,
2009,5,-0.042,0.021,
2009,6,0.167,0.043,
2009,7,0.085,0.066,
2009,8,0.058,0.095,
2009,9,0.062,0.091,
2009,10,0.105,0.090,
2009,11,0.146,0.085,
2009,12,0.077,0.083,
2010,1,0.035,0.115,
2010,2,0.050,0.094,
2010,3,0.266,0.070,
2010,4,0.043,0.062,
2010,5,-0.042,0.047,
2010,6,-0.008,0.003,
2010,7,-0.025,-0.005,
2010,8,0.047,0.009,
2010,9,0.004,0.024,
2010,10,0.028,0.026,
2010,11,0.065,0.009,
2010,12,-0.013,0.002,
2011,1,-0.036,0.022,
2011,2,-0.034,0.025,
2011,3,0.129,0.061,
2011,4,0.077,0.085,
2011,5,0.170,0.105,
2011,6,0.082,0.110,
2011,7,0.067,0.154,
2011,8,0.155,0.149,
2011,9,0.295,0.147,
2011,10,0.145,0.154,
2011,11,0.076,0.126,
2011,12,0.097,0.066,
2012,1,0.017,0.029,
2012,2,-0.005,-0.000,
2012,3,-0.039,-0.016,
2012,4,-0.071,-0.001,
2012,5,0.019,0.005,
2012,6,0.089,0.018,
2012,7,0.026,0.026,
2012,8,0.028,0.037,
2012,9,-0.032,0.028,
2012,10,0.071,0.041,
2012,11,0.045,0.029,
2012,12,0.093,0.029,
2013,1,-0.034,0.021,
2013,2,-0.029,0.001,
2013,3,0.031,-0.036,
2013,4,-0.058,-0.018,
2013,5,-0.090,-0.002,
2013,6,0.054,-0.002,
2013,7,0.054,0.007,
2013,8,0.030,0.036,
2013,9,-0.014,-0.003,
2013,10,0.055,-0.019,
2013,11,-0.140,-0.033,
2013,12,-0.028,-0.040,
2014,1,-0.037,-0.063,
2014,2,-0.052,-0.029,
2014,3,-0.061,-0.004,
2014,4,0.031,0.013,
2014,5,0.098,0.024,
2014,6,0.049,0.044,
2014,7,0.002,0.040,
2014,8,0.039,0.029,
2014,9,0.013,-0.001,
2014,10,0.041,0.005,
2014,11,-0.101,-0.025,
2014,12,0.034,-0.057,
2015,1,-0.113,-0.098,
2015,2,-0.148,-0.095,
2015,3,-0.161,-0.133,
2015,4,-0.088,-0.111,
2015,5,-0.153,-0.065,
2015,6,-0.003,-0.032,
2015,7,0.079,-0.010,
2015,8,0.005,0.032,
2015,9,0.024,0.029,
2015,10,0.054,0.026,
2015,11,-0.016,0.029,
2015,12,0.063,0.040,
2016,1,0.021,0.027,
2016,2,0.080,0.019,
2016,3,-0.011,0.003,
2016,4,-0.055,-0.010,
2016,5,-0.018,-0.028,
2016,6,-0.046,-0.031,
2016,7,-0.008,-0.006,
2016,8,-0.028,-0.003,
2016,9,0.068,-0.011,
2016,10,-0.001,-0.026,
2016,11,-0.083,-0.018,
2016,12,-0.084,-0.036,
2017,1,0.010,-0.077,
2017,2,-0.023,-0.043,
2017,3,-0.206,-0.009,
2017,4,0.088,-0.005,
2017,5,0.086,0.014,
2017,6,0.030,0.068,
2017,7,0.073,0.059,
2017,8,0.062,0.045,
2017,9,0.044,0.043,
2017,10,0.016,0.007,
2017,11,0.020,-0.035,
2017,12,-0.105,-0.039,
2018,1,-0.151,-0.028,
2018,2,0.025,-0.040,
2018,3,0.071,-0.010,
2018,4,-0.038,0.037,
2018,5,0.045,0.047,
2018,6,0.080,0.058,
2018,7,0.078,0.113,
2018,8,0.126,0.119,
2018,9,0.236,0.131,
2018,10,0.077,0.156,
2018,11,0.139,0.155,
2018,12,0.201,0.116,
2019,1,0.120,0.105,
2019,2,0.044,0.084,
2019,3,0.019,0.077,
2019,4,0.034,0.070,
2019,5,0.169,0.079,
2019,6,0.083,0.093,
2019,7,0.089,0.103,
2019,8,0.092,0.103,
2019,9,0.085,0.098,
2019,10,0.166,0.089,
2019,11,0.057,0.081,
2019,12,0.047,0.075,
2020,1,0.049,0.054,
2020,2,0.057,0.053,
2020,3,0.060,0.042,
2020,4,0.054,0.039,
2020,5,-0.012,0.045,
2020,6,0.036,0.054,
2020,7,0.088,0.058,
2020,8,0.107,0.068,
2020,9,0.070,0.058,
2020,10,0.040,0.061,
2020,11,-0.014,0.056,
2020,12,0.100,0.058,
2021,1,0.084,0.043,
2021,2,0.082,0.039,
2021,3,-0.036,0.003,
2021,4,-0.037,-0.017,
2021,5,-0.080,-0.022,
2021,6,-0.014,0.000,
2021,7,0.057,0.036,
2021,8,0.075,0.091,
2021,9,0.144,0.105,
2021,10,0.192,0.095,
2021,11,0.055,0.082,
2021,12,0.008,0.043,
2022,1,0.012,-0.014,
2022,2,-0.049,-0.025,
2022,3,-0.094,-0.004,
2022,4,-0.002,0.002,
2022,5,0.113,0.006,
2022,6,0.042,0.021,
2022,7,-0.030,0.027,
2022,8,-0.017,0.017,
2022,9,0.024,0.005,
2022,10,0.064,0.031,
2022,11,-0.018,0.061,
2022,12,0.103,0.070,
2023,1,0.131,0.069,
2023,2,0.067,0.076,
2023,3,0.060,0.066,
2023,4,0.021,0.060,
2023,5,0.051,0.071,
2023,6,0.103,0.074,
2023,7,0.121,0.096,
2023,8,0.075,0.108,
2023,9,0.130,0.108,
2023,10,0.110,0.128,
2023,11,0.105,0.172,
2023,12,0.221,0.198,
2024,1,0.295,0.209,
2024,2,0.261,0.232,
2024,3,0.165,0.220,
2024,4,0.220,0.164,
2024,5,0.159,0.116,
2024,6,0.013,0.094,
2024,7,0.023,0.080,
2024,8,0.057,0.055,
2024,9,0.150,0.055,
2024,10,0.032,
2024,11,0.011,
