Interannual variation of monthly mean sea level and the 5-month centered average.
The values are in meters.  The average seasonal cycle and the relative sea level trend have been removed.
Column values are the Year; Month; Interannual Variation; and the 5-month centered average of the Interannual Variation.
Product of NOAAs National Ocean Service / Center for Operational Oceanographic Products and Services (CO-OPS)

Year, Month, Interannual_Variation, Five_Month_Average
1956,8,0.057,
1956,9,0.074,
1956,10,0.124,0.084,
1956,11,0.105,0.044,
1956,12,0.061,0.025,
1957,1,-0.145,-0.001,
1957,2,-0.022,-0.056,
1957,3,-0.006,-0.087,
1957,4,-0.169,-0.067,
1957,5,-0.096,-0.061,
1957,6,-0.043,-0.061,
1957,7,0.011,-0.030,
1957,8,-0.008,-0.006,
1957,9,-0.015,0.015,
1957,10,0.025,0.025,
1957,11,0.064,0.053,
1957,12,0.057,0.042,
1958,1,0.132,0.071,
1958,2,-0.067,0.090,
1958,3,0.170,0.087,
1958,4,0.160,0.070,
1958,5,0.040,0.089,
1958,6,0.048,0.066,
1958,7,0.029,0.039,
1958,8,0.055,0.042,
1958,9,0.024,0.030,
1958,10,0.055,0.014,
1958,11,-0.012,-0.011,
1958,12,-0.050,-0.025,
1959,1,-0.073,-0.051,
1959,2,-0.047,-0.044,
1959,3,-0.072,-0.047,
1959,4,0.021,-0.010,
1959,5,-0.064,-0.002,
1959,6,0.114,0.019,
1959,7,-0.008,0.017,
1959,8,0.033,0.043,
1959,9,0.008,0.023,
1959,10,0.069,0.038,
1959,11,0.015,0.050,
1959,12,0.064,0.050,
1960,1,0.094,0.027,
1960,2,0.010,0.028,
1960,3,-0.048,0.037,
1960,4,0.023,0.031,
1960,5,0.105,0.051,
1960,6,0.067,0.107,
1960,7,0.107,0.123,
1960,8,0.233,0.112,
1960,9,0.101,0.105,
1960,10,0.053,0.070,
1960,11,0.032,0.022,
1960,12,-0.071,0.030,
1961,1,-0.004,0.054,
1961,2,0.140,0.074,
1961,3,0.174,0.098,
1961,4,0.132,0.098,
1961,5,0.050,0.074,
1961,6,-0.004,0.044,
1961,7,0.017,0.026,
1961,8,0.025,0.011,
1961,9,0.039,0.013,
1961,10,-0.024,0.009,
1961,11,0.007,0.003,
1961,12,-0.001,0.022,
1962,1,-0.005,0.067,
1962,2,0.136,
1962,3,0.197,
1962,9,-0.007,
1962,10,0.014,
1962,11,0.116,0.014,
1962,12,-0.023,-0.009,
1963,1,-0.030,-0.004,
1963,2,-0.121,-0.038,
1963,3,0.038,-0.050,
1963,4,-0.056,-0.046,
1963,5,-0.082,-0.030,
1963,6,-0.008,-0.056,
1963,7,-0.040,-0.047,
1963,8,-0.096,-0.049,
1963,9,-0.011,-0.044,
1963,10,-0.090,-0.053,
1963,11,0.014,-0.039,
1963,12,-0.085,-0.051,
1964,1,-0.022,-0.042,
1964,2,-0.073,-0.064,
1964,3,-0.042,-0.059,
1964,4,-0.099,-0.077,
1964,5,-0.059,-0.080,
1964,6,-0.113,-0.086,
1964,7,-0.086,-0.074,
1964,8,-0.072,-0.078,
1964,9,-0.040,-0.056,
1964,10,-0.079,-0.044,
1964,11,-0.002,-0.019,
1964,12,-0.025,-0.005,
1965,1,0.050,0.016,
1965,2,0.030,
1965,3,0.027,
1973,9,0.008,
1973,10,0.041,
1973,12,0.065,
1976,7,-0.045,
1976,8,-0.068,
1976,10,-0.031,
1976,11,-0.123,
1976,12,-0.167,
1977,12,0.088,
1978,7,0.006,
1979,7,-0.029,
1979,8,-0.031,
1979,9,-0.010,-0.021,
1979,10,-0.049,
1979,11,0.013,
1980,9,-0.069,
1980,10,-0.123,
1980,11,-0.121,-0.133,
1980,12,-0.179,-0.134,
1981,1,-0.172,-0.122,
1981,2,-0.075,-0.129,
1981,3,-0.063,-0.094,
1981,4,-0.153,-0.075,
1981,5,-0.004,-0.066,
1981,6,-0.078,-0.056,
1981,7,-0.031,-0.034,
1981,8,-0.014,-0.055,
1981,9,-0.045,-0.044,
1981,10,-0.109,-0.052,
1981,11,-0.020,-0.061,
1981,12,-0.073,-0.047,
1982,1,-0.056,-0.034,
1982,2,0.021,-0.074,
1982,3,-0.040,-0.071,
1982,4,-0.221,-0.043,
1982,5,-0.059,-0.052,
1982,6,0.085,-0.054,
1982,7,-0.026,-0.017,
1982,8,-0.049,0.007,
1982,9,-0.037,-0.015,
1982,10,0.061,0.004,
1982,11,-0.027,0.023,
1982,12,0.069,0.054,
1983,1,0.047,0.066,
1983,2,0.118,0.089,
1983,3,0.121,0.077,
1983,4,0.089,0.070,
1983,5,0.010,0.045,
1983,6,0.014,0.024,
1983,7,-0.008,0.003,
1983,8,0.015,0.016,
1983,9,-0.017,0.027,
1983,10,0.075,0.042,
1983,11,0.070,0.047,
1983,12,0.065,0.065,
1984,1,0.043,0.065,
1984,2,0.071,0.089,
1984,3,0.074,0.078,
1984,4,0.192,0.073,
1984,5,0.012,0.057,
1984,6,0.016,0.047,
1984,7,-0.009,0.003,
1984,8,0.024,0.011,
1984,9,-0.027,0.008,
1984,10,0.051,0.013,
1984,11,-0.001,-0.005,
1984,12,0.016,-0.005,
1985,1,-0.065,-0.029,
1985,2,-0.024,-0.037,
1985,3,-0.070,-0.038,
1985,4,-0.040,-0.035,
1985,5,0.008,-0.033,
1985,6,-0.049,-0.022,
1985,7,-0.013,-0.024,
1985,8,-0.014,-0.026,
1985,9,-0.054,0.021,
1985,10,0.001,0.026,
1985,11,0.184,0.019,
1985,12,0.012,0.052,
1986,1,-0.048,0.036,
1986,2,0.112,0.019,
1986,3,-0.083,0.021,
1986,4,0.099,0.018,
1986,5,0.025,-0.004,
1986,6,-0.065,0.011,
1986,7,0.002,-0.022,
1986,8,-0.006,-0.030,
1986,9,-0.067,-0.019,
1986,10,-0.012,-0.007,
1986,11,-0.012,0.004,
1986,12,0.060,0.013,
1987,1,0.052,0.042,
1987,2,-0.025,0.067,
1987,3,0.132,0.050,
1987,4,0.116,0.036,
1987,5,-0.028,0.043,
1987,6,-0.017,0.020,
1987,7,0.013,-0.002,
1987,8,0.015,-0.013,
1987,9,0.005,-0.016,
1987,10,-0.080,-0.012,
1987,11,-0.031,-0.027,
1987,12,0.034,-0.024,
1988,1,-0.064,-0.024,
1988,2,0.020,-0.003,
1988,3,-0.078,-0.005,
1988,4,0.073,-0.002,
1988,5,0.023,-0.020,
1988,6,-0.048,-0.017,
1988,7,-0.070,-0.052,
1988,8,-0.063,-0.077,
1988,9,-0.103,-0.081,
1988,10,-0.099,-0.081,
1988,11,-0.071,-0.068,
1988,12,-0.067,-0.049,
1989,1,-0.001,-0.029,
1989,2,-0.006,-0.029,
1989,3,0.003,-0.012,
1989,4,-0.072,-0.014,
1989,5,0.016,-0.010,
1989,6,-0.010,-0.009,
1989,7,0.014,0.006,
1989,8,0.007,-0.004,
1989,9,-0.000,-0.017,
1989,10,-0.033,-0.052,
1989,11,-0.072,-0.063,
1989,12,-0.160,-0.066,
1990,1,-0.051,-0.074,
1990,2,-0.016,-0.077,
1990,3,-0.071,-0.046,
1990,4,-0.088,-0.047,
1990,5,-0.005,-0.046,
1990,6,-0.056,-0.031,
1990,7,-0.008,-0.018,
1990,8,0.003,-0.028,
1990,9,-0.022,-0.031,
1990,10,-0.059,-0.032,
1990,11,-0.070,-0.016,
1990,12,-0.013,-0.013,
1991,1,0.083,0.012,
1991,2,-0.008,0.021,
1991,3,0.069,0.021,
1991,4,-0.025,0.002,
1991,5,-0.015,0.007,
1991,6,-0.008,-0.015,
1991,7,0.013,-0.023,
1991,8,-0.041,-0.024,
1991,9,-0.066,-0.020,
1991,10,-0.017,-0.031,
1991,11,0.008,-0.019,
1991,12,-0.039,0.003,
1992,1,0.021,-0.000,
1992,2,0.043,-0.002,
1992,3,-0.033,0.013,
1992,4,-0.004,0.012,
1992,5,0.036,0.007,
1992,6,0.019,0.008,
1992,7,0.018,-0.002,
1992,8,-0.030,-0.022,
1992,9,-0.052,-0.018,
1992,10,-0.067,-0.011,
1992,11,0.041,0.009,
1992,12,0.052,0.032,
1993,1,0.068,0.046,
1993,2,0.064,0.066,
1993,3,0.006,0.061,
1993,4,0.138,0.039,
1993,5,0.029,0.026,
1993,6,-0.040,0.024,
1993,7,-0.005,-0.015,
1993,8,-0.002,-0.024,
1993,9,-0.056,-0.022,
1993,10,-0.019,-0.005,
1993,11,-0.027,
1993,12,0.078,
1994,7,-0.033,
1994,8,-0.056,
1994,9,-0.062,-0.053,
1994,10,-0.030,-0.033,
1994,11,-0.084,-0.022,
1994,12,0.066,-0.041,
1995,1,-0.000,-0.036,
1995,2,-0.155,-0.038,
1995,3,-0.006,-0.051,
1995,4,-0.094,-0.059,
1995,5,0.000,-0.031,
1995,6,-0.041,-0.017,
1995,7,-0.012,0.002,
1995,8,0.064,-0.004,
1995,9,-0.003,0.002,
1995,10,-0.028,-0.003,
1995,11,-0.013,0.008,
1995,12,-0.036,0.007,
1996,1,0.120,0.003,
1996,2,-0.009,0.008,
1996,3,-0.048,0.012,
1996,4,0.012,-0.014,
1996,5,-0.016,-0.015,
1996,6,-0.009,-0.004,
1996,7,-0.013,0.015,
1996,8,0.004,0.032,
1996,9,0.108,0.045,
1996,10,0.073,0.088,
1996,11,0.053,0.105,
1996,12,0.204,0.095,
1997,1,0.085,0.084,
1997,2,0.062,0.076,
1997,3,0.016,0.018,
1997,4,0.012,0.013,
1997,5,-0.084,-0.003,
1997,6,0.059,-0.008,
1997,7,-0.019,-0.019,
1997,8,-0.007,-0.004,
1997,9,-0.045,-0.005,
1997,10,-0.009,0.005,
1997,11,0.056,0.043,
1997,12,0.030,0.110,
1998,1,0.183,0.127,
1998,2,0.291,0.132,
1998,3,0.075,0.152,
1998,4,0.080,0.117,
1998,5,0.131,0.061,
1998,6,0.006,0.046,
1998,7,0.011,0.026,
1998,8,0.003,-0.016,
1998,9,-0.023,-0.025,
1998,10,-0.078,-0.027,
1998,11,-0.037,-0.024,
1998,12,-0.002,0.007,
1999,1,0.020,0.008,
1999,2,0.130,0.017,
1999,3,-0.072,0.021,
1999,4,0.007,0.008,
1999,5,0.019,-0.025,
1999,6,-0.046,-0.007,
1999,7,-0.032,-0.008,
1999,8,0.015,-0.027,
1999,9,0.004,-0.032,
1999,10,-0.076,-0.030,
1999,11,-0.071,-0.049,
1999,12,-0.024,-0.062,
2000,1,-0.076,-0.039,
2000,2,-0.060,-0.025,
2000,3,0.039,-0.016,
2000,4,-0.004,-0.008,
2000,5,0.024,0.010,
2000,6,-0.037,0.001,
2000,7,0.029,-0.005,
2000,8,-0.008,-0.027,
2000,9,-0.033,-0.023,
2000,10,-0.086,-0.047,
2000,11,-0.018,-0.042,
2000,12,-0.088,-0.049,
2001,1,0.016,-0.033,
2001,2,-0.067,-0.036,
2001,3,-0.009,-0.021,
2001,4,-0.032,-0.033,
2001,5,-0.011,-0.025,
2001,6,-0.046,-0.032,
2001,7,-0.025,-0.027,
2001,8,-0.044,-0.043,
2001,9,-0.010,-0.042,
2001,10,-0.091,-0.037,
2001,11,-0.041,-0.044,
2001,12,-0.002,-0.039,
2002,1,-0.078,-0.047,
2002,2,0.015,-0.061,
2002,3,-0.131,-0.077,
2002,4,-0.111,-0.069,
2002,5,-0.079,-0.083,
2002,6,-0.038,-0.065,
2002,7,-0.057,-0.048,
2002,8,-0.042,-0.024,
2002,9,-0.022,-0.031,
2002,10,0.039,-0.027,
2002,11,-0.072,-0.034,
2002,12,-0.039,-0.047,
2003,1,-0.078,-0.049,
2003,2,-0.086,-0.025,
2003,3,0.030,-0.014,
2003,4,0.050,0.008,
2003,5,0.014,0.022,
2003,6,0.030,0.008,
2003,7,-0.016,0.018,
2003,8,-0.037,0.007,
2003,9,0.098,-0.003,
2003,10,-0.039,-0.004,
2003,11,-0.020,-0.025,
2003,12,-0.023,-0.052,
2004,1,-0.143,-0.045,
2004,2,-0.033,-0.058,
2004,3,-0.006,-0.066,
2004,4,-0.087,-0.046,
2004,5,-0.062,-0.036,
2004,6,-0.042,-0.038,
2004,7,0.015,-0.010,
2004,8,-0.012,0.021,
2004,9,0.050,0.034,
2004,10,0.097,0.034,
2004,11,0.018,0.057,
2004,12,0.020,0.067,
2005,1,0.100,0.049,
2005,2,0.100,0.071,
2005,3,0.003,0.083,
2005,4,0.133,0.065,
2005,5,0.076,0.053,
2005,6,0.013,0.054,
2005,7,0.042,0.019,
2005,8,0.007,0.010,
2005,9,-0.043,0.000,
2005,10,0.034,-0.015,
2005,11,-0.037,-0.005,
2005,12,-0.038,0.001,
2006,1,0.059,-0.022,
2006,2,-0.013,-0.016,
2006,3,-0.080,-0.000,
2006,4,-0.009,-0.017,
2006,5,0.042,-0.022,
2006,6,-0.026,-0.008,
2006,7,-0.035,0.008,
2006,8,-0.011,-0.004,
2006,9,0.071,0.025,
2006,10,-0.016,0.023,
2006,11,0.117,0.016,
2006,12,-0.047,-0.043,
2007,1,-0.044,-0.065,
2007,2,-0.224,-0.095,
2007,3,-0.126,-0.101,
2007,4,-0.032,-0.092,
2007,5,-0.079,-0.056,
2007,6,0.000,-0.033,
2007,7,-0.041,-0.042,
2007,8,-0.015,-0.027,
2007,9,-0.076,-0.034,
2007,10,-0.003,-0.028,
2007,11,-0.034,-0.028,
2007,12,-0.010,-0.015,
2008,1,-0.015,-0.017,
2008,2,-0.013,-0.005,
2008,3,-0.010,0.008,
2008,4,0.025,0.002,
2008,5,0.053,-0.005,
2008,6,-0.047,-0.012,
2008,7,-0.048,-0.019,
2008,8,-0.045,-0.041,
2008,9,-0.008,-0.037,
2008,10,-0.056,-0.045,
2008,11,-0.030,-0.043,
2008,12,-0.084,-0.052,
2009,1,-0.038,-0.044,
2009,2,-0.053,-0.042,
2009,3,-0.015,-0.034,
2009,4,-0.022,-0.001,
2009,5,-0.042,0.023,
2009,6,0.128,0.024,
2009,7,0.064,0.036,
2009,8,-0.008,0.061,
2009,9,0.040,0.063,
2009,10,0.078,0.056,
2009,11,0.143,0.064,
2009,12,0.029,0.065,
2010,1,0.032,0.090,
2010,2,0.041,0.067,
2010,3,0.206,0.054,
2010,4,0.026,0.048,
2010,5,-0.033,0.036,
2010,6,0.002,0.003,
2010,7,-0.021,-0.004,
2010,8,0.042,-0.004,
2010,9,-0.008,0.008,
2010,10,-0.036,0.004,
2010,11,0.060,0.000,
2010,12,-0.039,-0.002,
2011,1,0.024,0.017,
2011,2,-0.021,0.013,
2011,3,0.062,0.044,
2011,4,0.038,0.048,
2011,5,0.116,0.058,
2011,6,0.044,0.054,
2011,7,0.029,0.069,
2011,8,0.043,0.055,
2011,9,0.111,0.050,
2011,10,0.047,0.050,
2011,11,0.019,0.039,
2011,12,0.029,0.013,
2012,1,-0.012,0.002,
2012,2,-0.018,-0.011,
2012,3,-0.007,-0.018,
2012,4,-0.047,-0.003,
2012,5,-0.007,0.002,
2012,6,0.062,0.004,
2012,7,0.011,-0.001,
2012,8,0.003,0.006,
2012,9,-0.075,-0.001,
2012,10,0.030,0.014,
2012,11,0.026,0.008,
2012,12,0.084,0.014,
2013,1,-0.026,0.017,
2013,2,-0.046,0.005,
2013,3,0.044,-0.029,
2013,4,-0.031,-0.028,
2013,5,-0.085,-0.018,
2013,6,-0.020,-0.030,
2013,7,0.001,-0.032,
2013,8,-0.013,-0.007,
2013,9,-0.044,-0.031,
2013,10,0.040,-0.038,
2013,11,-0.141,-0.047,
2013,12,-0.033,-0.051,
2014,1,-0.056,-0.071,
2014,2,-0.065,-0.043,
2014,3,-0.060,-0.034,
2014,4,-0.000,-0.020,
2014,5,0.012,-0.014,
2014,6,0.013,0.001,
2014,7,-0.037,-0.000,
2014,8,0.019,0.001,
2014,9,-0.007,-0.022,
2014,10,0.019,-0.008,
2014,11,-0.104,-0.033,
2014,12,0.032,-0.055,
2015,1,-0.104,-0.090,
2015,2,-0.116,-0.088,
2015,3,-0.160,-0.123,
2015,4,-0.093,-0.106,
2015,5,-0.142,-0.076,
2015,6,-0.019,-0.047,
2015,7,0.035,-0.026,
2015,8,-0.015,0.008,
2015,9,0.010,0.007,
2015,10,0.030,0.013,
2015,11,-0.022,0.021,
2015,12,0.062,0.025,
2016,1,0.024,0.021,
2016,2,0.030,0.022,
2016,3,0.010,0.005,
2016,4,-0.017,-0.008,
2016,5,-0.021,-0.017,
2016,6,-0.042,-0.027,
2016,7,-0.014,-0.011,
2016,8,-0.043,-0.008,
2016,9,0.067,-0.013,
2016,10,-0.006,-0.022,
2016,11,-0.067,-0.007,
2016,12,-0.063,-0.024,
2017,1,0.035,-0.060,
2017,2,-0.017,-0.034,
2017,3,-0.185,-0.006,
2017,4,0.060,-0.011,
2017,5,0.076,0.003,
2017,6,0.013,0.048,
2017,7,0.051,0.040,
2017,8,0.037,0.026,
2017,9,0.025,0.028,
2017,10,0.002,0.001,
2017,11,0.023,-0.036,
2017,12,-0.080,-0.045,
2018,1,-0.148,-0.036,
2018,2,-0.022,-0.050,
2018,3,0.049,-0.033,
2018,4,-0.050,0.011,
2018,5,0.008,0.027,
2018,6,0.070,0.024,
2018,7,0.056,0.065,
2018,8,0.035,0.063,
2018,9,0.154,
2018,10,0.000,
2019,2,0.002,
2019,3,0.002,
2019,4,-0.001,0.026,
2019,5,0.101,0.034,
2019,6,0.029,0.046,
2019,7,0.041,0.059,
2019,8,0.061,0.064,
2019,9,0.061,0.064,
2019,10,0.128,0.059,
2019,11,0.028,0.045,
2019,12,0.019,0.029,
2020,1,-0.009,0.012,
2020,2,-0.023,0.010,
2020,3,0.047,-0.002,
2020,4,0.015,0.003,
2020,5,-0.040,0.018,
2020,6,0.017,0.016,
2020,7,0.053,0.019,
2020,8,0.035,
2020,9,0.030,
2020,12,0.046,
2021,1,0.082,
2021,2,0.075,0.021,
2021,3,-0.064,-0.006,
2021,4,-0.035,-0.029,
2021,5,-0.089,-0.041,
2021,6,-0.031,-0.024,
2021,7,0.012,-0.011,
2021,8,0.025,0.032,
2021,9,0.027,0.039,
2021,10,0.128,0.038,
2021,11,0.001,0.034,
2021,12,0.010,0.011,
2022,1,0.001,-0.033,
2022,2,-0.084,-0.046,
2022,3,-0.093,-0.030,
2022,4,-0.065,-0.027,
2022,5,0.092,-0.017,
2022,6,0.013,-0.004,
2022,7,-0.032,0.008,
2022,8,-0.028,-0.004,
2022,9,-0.007,-0.013,
2022,10,0.033,0.007,
2022,11,-0.030,0.033,
2022,12,0.065,0.046,
2023,1,0.103,0.054,
2023,2,0.061,0.072,
2023,3,0.071,0.071,
2023,4,0.062,0.079,
2023,5,0.057,0.089,
2023,6,0.142,0.083,
2023,7,0.113,0.086,
2023,8,0.040,0.087,
2023,9,0.077,0.078,
2023,10,0.064,0.083,
2023,11,0.096,0.115,
2023,12,0.139,0.146,
2024,1,0.199,0.153,
2024,2,0.230,0.168,
2024,3,0.101,0.170,
2024,4,0.170,0.128,
2024,5,0.147,0.082,
2024,6,-0.007,0.064,
2024,7,0.001,0.055,
2024,8,0.008,0.028,
2024,9,0.129,0.031,
2024,10,0.010,
2024,11,0.010,
