Interannual variation of monthly mean sea level and the 5-month centered average.
The values are in meters.  The average seasonal cycle and the relative sea level trend have been removed.
Column values are the Year; Month; Interannual Variation; and the 5-month centered average of the Interannual Variation.
Product of NOAAs National Ocean Service / Center for Operational Oceanographic Products and Services (CO-OPS)

Year, Month, Interannual_Variation, Five_Month_Average
1902,6,0.021,
1902,7,0.067,
1902,8,0.066,0.069,
1902,9,0.084,0.096,
1902,10,0.105,0.105,
1902,11,0.158,0.098,
1902,12,0.110,0.077,
1903,1,0.034,0.074,
1903,2,-0.023,0.067,
1903,3,0.093,0.059,
1903,4,0.121,0.085,
1903,5,0.071,0.100,
1903,6,0.163,0.101,
1903,7,0.049,0.086,
1903,8,0.099,0.084,
1903,9,0.048,0.052,
1903,10,0.059,0.028,
1903,11,0.003,0.007,
1903,12,-0.070,-0.017,
1904,1,-0.005,-0.027,
1904,2,-0.070,-0.037,
1904,3,0.008,-0.022,
1904,4,-0.047,-0.015,
1904,5,0.007,0.002,
1904,6,0.029,-0.005,
1904,7,0.013,0.005,
1904,8,-0.026,-0.002,
1904,9,0.002,-0.009,
1904,10,-0.026,-0.009,
1904,11,-0.006,-0.012,
1904,12,0.013,-0.025,
1905,1,-0.043,-0.017,
1905,2,-0.061,-0.020,
1905,3,0.011,-0.025,
1905,4,-0.020,-0.014,
1905,5,-0.014,0.010,
1905,6,0.017,0.019,
1905,7,0.058,0.025,
1905,8,0.056,0.026,
1905,9,0.008,0.024,
1905,10,-0.006,0.020,
1905,11,0.002,0.030,
1905,12,0.040,0.023,
1906,1,0.104,0.015,
1906,2,-0.024,0.013,
1906,3,-0.045,0.001,
1906,4,-0.008,-0.005,
1906,5,-0.024,0.019,
1906,6,0.074,0.043,
1906,7,0.094,0.044,
1906,8,0.077,0.064,
1906,9,-0.002,0.037,
1906,10,0.077,0.005,
1906,11,-0.062,-0.001,
1906,12,-0.067,-0.005,
1907,1,0.046,-0.015,
1907,2,-0.021,-0.016,
1907,3,0.029,-0.006,
1907,4,-0.069,-0.005,
1907,5,-0.012,-0.004,
1907,6,0.046,-0.013,
1907,7,-0.013,-0.008,
1907,8,-0.018,-0.019,
1907,9,-0.042,-0.026,
1907,10,-0.070,-0.008,
1907,11,0.014,-0.000,
1907,12,0.079,0.005,
1908,1,0.017,0.023,
1908,2,-0.013,0.005,
1908,3,0.019,-0.008,
1908,4,-0.079,-0.007,
1908,5,0.015,-0.002,
1908,6,0.022,0.007,
1908,7,0.015,0.030,
1908,8,0.065,0.040,
1908,9,0.035,0.019,
1908,10,0.063,0.018,
1908,11,-0.080,0.013,
1908,12,0.006,0.012,
1909,1,0.039,-0.006,
1909,2,0.030,0.006,
1909,3,-0.026,0.019,
1909,4,-0.021,0.015,
1909,5,0.073,0.008,
1909,6,0.019,0.025,
1909,7,-0.004,0.032,
1909,8,0.058,0.004,
1909,9,0.015,-0.002,
1909,10,-0.071,0.009,
1909,11,-0.008,0.011,
1909,12,0.049,0.001,
1910,1,0.072,0.027,
1910,2,-0.037,0.051,
1910,3,0.058,0.039,
1910,4,0.116,0.027,
1910,5,-0.013,0.046,
1910,6,0.012,0.040,
1910,7,0.057,0.031,
1910,8,0.027,0.039,
1910,9,0.070,0.024,
1910,10,0.030,0.014,
1910,11,-0.066,0.014,
1910,12,0.008,0.014,
1911,1,0.030,0.003,
1911,2,0.069,0.018,
1911,3,-0.027,0.010,
1911,4,0.010,0.007,
1911,5,-0.031,-0.013,
1911,6,0.015,-0.004,
1911,7,-0.032,0.005,
1911,8,0.021,0.026,
1911,9,0.052,0.009,
1911,10,0.073,0.018,
1911,11,-0.066,-0.000,
1911,12,0.011,-0.013,
1912,1,-0.072,-0.033,
1912,2,-0.011,-0.030,
1912,3,-0.027,-0.028,
1912,4,-0.052,-0.022,
1912,5,0.021,-0.027,
1912,6,-0.040,-0.027,
1912,7,-0.035,-0.002,
1912,8,-0.031,-0.010,
1912,9,0.077,-0.010,
1912,10,-0.020,-0.012,
1912,11,-0.042,0.001,
1912,12,-0.044,-0.022,
1913,1,0.032,-0.038,
1913,2,-0.038,-0.038,
1913,3,-0.098,-0.038,
1913,4,-0.040,-0.052,
1913,5,-0.046,-0.053,
1913,6,-0.037,-0.028,
1913,7,-0.042,-0.024,
1913,8,0.023,-0.007,
1913,9,-0.016,0.000,
1913,10,0.038,0.009,
1913,11,-0.003,0.026,
1913,12,0.004,0.015,
1914,1,0.105,-0.011,
1914,2,-0.068,-0.008,
1914,3,-0.095,-0.016,
1914,4,0.015,-0.048,
1914,5,-0.038,-0.031,
1914,6,-0.056,-0.014,
1914,7,0.016,-0.031,
1914,8,-0.007,-0.015,
1914,9,-0.071,-0.015,
1914,10,0.044,-0.004,
1914,11,-0.055,0.018,
1914,12,0.068,0.048,
1915,1,0.102,0.035,
1915,2,0.083,0.029,
1915,3,-0.022,0.014,
1915,4,-0.086,-0.001,
1915,5,-0.008,-0.009,
1915,6,0.026,0.008,
1915,7,0.047,0.024,
1915,8,0.063,0.031,
1915,9,-0.007,0.032,
1915,10,0.029,0.014,
1915,11,0.028,0.009,
1915,12,-0.042,-0.002,
1916,1,0.040,-0.017,
1916,2,-0.063,-0.018,
1916,3,-0.046,-0.015,
1916,4,0.023,-0.009,
1916,5,-0.029,0.012,
1916,6,0.069,0.027,
1916,7,0.044,0.019,
1916,8,0.026,0.025,
1916,9,-0.013,0.013,
1916,10,0.001,-0.002,
1916,11,0.009,-0.004,
1916,12,-0.035,-0.014,
1917,1,0.016,-0.005,
1917,2,-0.063,-0.014,
1917,3,0.050,-0.004,
1917,4,-0.038,-0.011,
1917,5,0.013,0.007,
1917,6,-0.017,0.002,
1917,7,0.027,0.005,
1917,8,0.023,0.001,
1917,9,-0.023,-0.000,
1917,10,-0.008,-0.012,
1917,11,-0.022,-0.007,
1917,12,-0.033,-0.001,
1918,1,0.049,0.006,
1918,2,0.007,0.024,
1918,3,0.029,0.023,
1918,4,0.069,0.019,
1918,5,-0.036,0.018,
1918,6,0.026,0.015,
1918,7,0.003,-0.005,
1918,8,0.011,0.004,
1918,9,-0.029,0.001,
1918,10,0.007,0.019,
1918,11,0.012,0.015,
1918,12,0.095,0.029,
1919,1,-0.009,0.025,
1919,2,0.039,0.019,
1919,3,-0.013,0.019,
1919,4,-0.020,0.042,
1919,5,0.098,0.053,
1919,6,0.108,0.065,
1919,7,0.092,0.070,
1919,8,0.047,0.065,
1919,9,0.008,0.068,
1919,10,0.073,0.053,
1919,11,0.122,0.041,
1919,12,0.016,0.041,
1920,1,-0.012,0.008,
1920,2,0.006,-0.002,
1920,3,-0.090,-0.001,
1920,4,0.068,-0.000,
1920,5,0.025,-0.009,
1920,6,-0.008,0.008,
1920,7,-0.037,-0.011,
1920,8,-0.009,-0.015,
1920,9,-0.027,-0.007,
1920,10,0.006,0.017,
1920,11,0.032,0.020,
1920,12,0.080,0.047,
1921,1,0.009,0.052,
1921,2,0.107,0.051,
1921,3,0.034,0.056,
1921,4,0.025,0.055,
1921,5,0.106,0.037,
1921,6,0.000,0.025,
1921,7,0.018,0.023,
1921,8,-0.027,-0.015,
1921,9,0.019,-0.007,
1921,10,-0.085,-0.004,
1921,11,0.038,-0.023,
1921,12,0.036,-0.024,
1922,1,-0.122,-0.005,
1922,2,0.014,-0.015,
1922,3,0.010,-0.019,
1922,4,-0.011,0.003,
1922,5,0.012,0.003,
1922,6,-0.012,-0.001,
1922,7,0.018,0.003,
1922,8,-0.012,-0.001,
1922,9,0.010,-0.006,
1922,10,-0.006,-0.008,
1922,11,-0.041,0.002,
1922,12,0.009,-0.009,
1923,1,0.039,-0.001,
1923,2,-0.044,0.008,
1923,3,0.031,0.006,
1923,4,0.006,-0.022,
1923,5,-0.003,-0.017,
1923,6,-0.100,-0.026,
1923,7,-0.016,-0.034,
1923,8,-0.019,-0.042,
1923,9,-0.033,-0.014,
1923,10,-0.040,-0.001,
1923,11,0.040,-0.004,
1923,12,0.048,0.017,
1924,1,-0.035,0.035,
1924,2,0.069,0.032,
1924,3,0.052,0.043,
1924,4,0.024,0.055,
1924,5,0.107,0.038,
1924,6,0.022,0.029,
1924,7,-0.017,0.024,
1924,8,0.009,-0.007,
1924,9,0.000,-0.014,
1924,10,-0.047,-0.039,
1924,11,-0.017,-0.033,
1924,12,-0.139,-0.018,
1925,1,0.039,-0.025,
1925,2,0.075,-0.024,
1925,3,-0.082,-0.005,
1925,4,-0.015,-0.024,
1925,5,-0.044,-0.044,
1925,6,-0.052,-0.039,
1925,7,-0.026,-0.038,
1925,8,-0.058,-0.054,
1925,9,-0.012,-0.059,
1925,10,-0.123,-0.076,
1925,11,-0.075,-0.084,
1925,12,-0.114,-0.077,
1926,1,-0.098,-0.077,
1926,2,0.026,-0.082,
1926,3,-0.125,-0.077,
1926,4,-0.100,-0.072,
1926,5,-0.086,-0.089,
1926,6,-0.074,-0.060,
1926,7,-0.059,-0.031,
1926,8,0.021,-0.014,
1926,9,0.043,-0.002,
1926,10,0.002,0.009,
1926,11,-0.017,-0.015,
1926,12,-0.004,-0.004,
1927,1,-0.096,-0.004,
1927,2,0.096,-0.008,
1927,3,-0.000,-0.012,
1927,4,-0.034,0.003,
1927,5,-0.025,-0.020,
1927,6,-0.019,-0.023,
1927,7,-0.023,-0.023,
1927,8,-0.013,-0.016,
1927,9,-0.033,-0.014,
1927,10,0.011,-0.002,
1927,11,-0.012,-0.025,
1927,12,0.035,-0.025,
1928,1,-0.127,-0.037,
1928,2,-0.032,-0.045,
1928,3,-0.047,-0.060,
1928,4,-0.056,-0.033,
1928,5,-0.038,-0.029,
1928,6,0.008,-0.017,
1928,7,-0.012,-0.009,
1928,8,0.011,-0.013,
1928,9,-0.016,-0.042,
1928,10,-0.056,-0.051,
1928,11,-0.137,-0.087,
1928,12,-0.060,-0.084,
1929,1,-0.166,-0.077,
1929,2,0.001,-0.044,
1929,3,-0.025,-0.044,
1929,4,0.033,-0.013,
1929,5,-0.063,-0.024,
1929,6,-0.010,-0.029,
1929,7,-0.057,-0.043,
1929,8,-0.050,-0.043,
1929,9,-0.034,-0.047,
1929,10,-0.063,-0.042,
1929,11,-0.030,-0.035,
1929,12,-0.030,-0.022,
1930,1,-0.018,-0.018,
1930,2,0.031,-0.030,
1930,3,-0.043,-0.049,
1930,4,-0.090,-0.064,
1930,5,-0.127,-0.082,
1930,6,-0.090,-0.078,
1930,7,-0.060,-0.069,
1930,8,-0.022,-0.051,
1930,9,-0.043,-0.057,
1930,10,-0.039,-0.057,
1930,11,-0.122,-0.060,
1930,12,-0.057,-0.059,
1931,1,-0.039,-0.045,
1931,2,-0.036,-0.034,
1931,3,0.030,-0.028,
1931,4,-0.066,-0.025,
1931,5,-0.029,-0.014,
1931,6,-0.023,-0.031,
1931,7,0.018,-0.030,
1931,8,-0.054,-0.032,
1931,9,-0.060,-0.036,
1931,10,-0.042,-0.049,
1931,11,-0.043,-0.016,
1931,12,-0.045,0.010,
1932,1,0.110,-0.012,
1932,2,0.071,-0.019,
1932,3,-0.151,-0.025,
1932,4,-0.081,-0.056,
1932,5,-0.076,-0.084,
1932,6,-0.045,-0.062,
1932,7,-0.070,-0.049,
1932,8,-0.039,-0.044,
1932,9,-0.014,-0.029,
1932,10,-0.054,-0.009,
1932,11,0.033,0.013,
1932,12,0.027,0.003,
1933,1,0.074,-0.001,
1933,2,-0.064,0.006,
1933,3,-0.075,0.005,
1933,4,0.066,-0.015,
1933,5,0.022,0.009,
1933,6,-0.023,0.042,
1933,7,0.055,0.038,
1933,8,0.090,0.036,
1933,9,0.044,0.026,
1933,10,0.013,0.013,
1933,11,-0.071,-0.009,
1933,12,-0.012,-0.047,
1934,1,-0.019,-0.061,
1934,2,-0.147,-0.042,
1934,3,-0.056,-0.051,
1934,4,0.025,-0.044,
1934,5,-0.057,-0.013,
1934,6,0.013,-0.010,
1934,7,0.012,-0.006,
1934,8,-0.042,-0.006,
1934,9,0.047,-0.021,
1934,10,-0.061,-0.032,
1934,11,-0.060,-0.028,
1934,12,-0.043,-0.044,
1935,1,-0.025,-0.035,
1935,2,-0.034,-0.023,
1935,3,-0.012,-0.028,
1935,4,-0.002,-0.023,
1935,5,-0.067,-0.017,
1935,6,-0.002,-0.011,
1935,7,-0.001,-0.016,
1935,8,0.015,-0.012,
1935,9,-0.027,0.002,
1935,10,-0.043,-0.010,
1935,11,0.065,-0.019,
1935,12,-0.062,-0.006,
1936,1,-0.031,0.033,
1936,2,0.042,0.014,
1936,3,0.153,0.013,
1936,4,-0.033,0.018,
1936,5,-0.068,0.013,
1936,6,-0.006,-0.023,
1936,7,0.020,-0.023,
1936,8,-0.030,-0.007,
1936,9,-0.033,-0.026,
1936,10,0.012,-0.031,
1936,11,-0.099,0.003,
1936,12,-0.004,0.026,
1937,1,0.140,0.005,
1937,2,0.081,0.040,
1937,3,-0.094,0.045,
1937,4,0.077,0.018,
1937,5,0.024,0.010,
1937,6,0.003,0.027,
1937,7,0.039,0.005,
1937,8,-0.009,0.005,
1937,9,-0.033,0.004,
1937,10,0.024,0.001,
1937,11,0.002,0.029,
1937,12,0.024,0.046,
1938,1,0.130,0.053,
1938,2,0.051,0.050,
1938,3,0.059,0.044,
1938,4,-0.012,0.013,
1938,5,-0.006,-0.000,
1938,6,-0.027,-0.021,
1938,7,-0.013,-0.030,
1938,8,-0.049,-0.025,
1938,9,-0.054,-0.014,
1938,10,0.017,-0.006,
1938,11,0.028,0.009,
1938,12,0.030,0.037,
1939,1,0.026,0.048,
1939,2,0.084,0.043,
1939,3,0.073,0.046,
1939,4,0.003,0.046,
1939,5,0.041,0.034,
1939,6,0.030,0.018,
1939,7,0.023,0.027,
1939,8,-0.007,0.011,
1939,9,0.045,-0.002,
1939,10,-0.038,-0.017,
1939,11,-0.033,-0.029,
1939,12,-0.053,-0.024,
1940,1,-0.068,-0.019,
1940,2,0.072,-0.012,
1940,3,-0.015,0.011,
1940,4,0.003,0.026,
1940,5,0.063,0.005,
1940,6,0.005,0.020,
1940,7,-0.029,0.012,
1940,8,0.060,-0.002,
1940,9,-0.037,-0.010,
1940,10,-0.007,0.011,
1940,11,-0.036,0.010,
1940,12,0.075,-0.003,
1941,1,0.053,-0.026,
1941,2,-0.100,-0.012,
1941,3,-0.125,-0.044,
1941,4,0.036,-0.053,
1941,5,-0.084,-0.028,
1941,6,0.008,-0.013,
1941,7,0.023,-0.030,
1941,8,-0.049,-0.024,
1941,9,-0.046,-0.031,
1941,10,-0.054,-0.038,
1941,11,-0.027,-0.026,
1941,12,-0.014,-0.034,
1942,1,0.013,-0.012,
1942,2,-0.090,-0.006,
1942,3,0.058,0.004,
1942,4,0.005,0.010,
1942,5,0.035,0.029,
1942,6,0.042,0.023,
1942,7,0.006,0.029,
1942,8,0.029,0.043,
1942,9,0.032,0.037,
1942,10,0.105,0.033,
1942,11,0.009,0.033,
1942,12,-0.011,0.029,
1943,1,0.031,0.004,
1943,2,0.013,-0.009,
1943,3,-0.022,-0.012,
1943,4,-0.056,-0.017,
1943,5,-0.026,-0.017,
1943,6,0.005,-0.009,
1943,7,0.013,-0.010,
1943,8,0.017,-0.006,
1943,9,-0.062,-0.013,
1943,10,-0.005,-0.034,
1943,11,-0.028,-0.039,
1943,12,-0.091,-0.033,
1944,1,-0.011,-0.030,
1944,2,-0.030,-0.030,
1944,3,0.011,-0.009,
1944,4,-0.028,-0.007,
1944,5,0.013,0.006,
1944,6,-0.002,-0.001,
1944,7,0.034,-0.003,
1944,8,-0.020,-0.017,
1944,9,-0.041,-0.010,
1944,10,-0.054,-0.035,
1944,11,0.033,-0.040,
1944,12,-0.091,-0.033,
1945,1,-0.049,-0.006,
1945,2,-0.006,-0.010,
1945,3,0.081,0.020,
1945,4,0.013,0.032,
1945,5,0.062,0.047,
1945,6,0.011,0.033,
1945,7,0.068,0.044,
1945,8,0.010,0.037,
1945,9,0.072,0.054,
1945,10,0.025,0.068,
1945,11,0.093,0.082,
1945,12,0.141,0.072,
1946,1,0.079,0.093,
1946,2,0.019,0.085,
1946,3,0.132,0.067,
1946,4,0.056,0.058,
1946,5,0.047,0.064,
1946,6,0.035,0.042,
1946,7,0.051,0.032,
1946,8,0.022,0.033,
1946,9,0.004,0.036,
1946,10,0.055,0.026,
1946,11,0.048,0.036,
1946,12,0.000,0.016,
1947,1,0.073,-0.002,
1947,2,-0.097,-0.003,
1947,3,-0.032,-0.005,
1947,4,0.041,-0.003,
1947,5,-0.009,0.023,
1947,6,0.080,0.038,
1947,7,0.033,0.034,
1947,8,0.047,0.036,
1947,9,0.019,0.049,
1947,10,-0.000,0.032,
1947,11,0.148,0.015,
1947,12,-0.055,0.023,
1948,1,-0.039,0.042,
1948,2,0.063,0.016,
1948,3,0.093,0.038,
1948,4,0.020,0.052,
1948,5,0.052,0.046,
1948,6,0.034,0.024,
1948,7,0.033,0.023,
1948,8,-0.017,0.018,
1948,9,0.013,0.031,
1948,10,0.028,0.046,
1948,11,0.100,0.074,
1948,12,0.107,0.093,
1949,1,0.121,0.074,
1949,2,0.112,0.051,
1949,3,-0.072,0.034,
1949,4,-0.015,0.015,
1949,5,0.025,-0.002,
1949,6,0.028,0.017,
1949,7,0.023,0.009,
1949,8,0.024,0.015,
1949,9,-0.054,0.009,
1949,10,0.054,-0.008,
1949,11,-0.002,-0.009,
1949,12,-0.064,0.008,
1950,1,0.021,-0.034,
1950,2,0.033,-0.048,
1950,3,-0.158,-0.042,
1950,4,-0.070,-0.061,
1950,5,-0.037,-0.077,
1950,6,-0.073,-0.049,
1950,7,-0.047,-0.032,
1950,8,-0.018,-0.018,
1950,9,0.012,0.018,
1950,10,0.033,0.040,
1950,11,0.111,0.050,
1950,12,0.063,0.049,
1951,1,0.033,0.073,
1951,2,0.006,0.058,
1951,3,0.150,0.047,
1951,4,0.037,0.062,
1951,5,0.012,0.065,
1951,6,0.107,0.040,
1951,7,0.017,0.036,
1951,8,0.027,0.042,
1951,9,0.019,0.011,
1951,10,0.039,0.008,
1951,11,-0.048,0.010,
1951,12,0.002,0.020,
1952,1,0.038,0.024,
1952,2,0.069,0.037,
1952,3,0.061,0.048,
1952,4,0.012,0.033,
1952,5,0.057,0.018,
1952,6,-0.034,0.005,
1952,7,-0.004,0.004,
1952,8,-0.006,-0.026,
1952,9,0.006,-0.005,
1952,10,-0.093,0.018,
1952,11,0.071,0.053,
1952,12,0.115,0.056,
1953,1,0.166,0.082,
1953,2,0.020,0.072,
1953,3,0.040,0.063,
1953,4,0.018,0.037,
1953,5,0.070,0.036,
1953,6,0.037,0.032,
1953,7,0.016,0.031,
1953,8,0.020,0.024,
1953,9,0.012,0.020,
1953,10,0.032,0.011,
1953,11,0.019,0.008,
1953,12,-0.028,0.021,
1954,1,0.005,0.008,
1954,2,0.075,0.008,
1954,3,-0.031,0.019,
1954,4,0.021,0.021,
1954,5,0.023,0.004,
1954,6,0.014,-0.004,
1954,7,-0.008,-0.010,
1954,8,-0.071,-0.015,
1954,9,-0.010,-0.020,
1954,10,-0.001,-0.034,
1954,11,-0.009,-0.012,
1954,12,-0.078,-0.009,
1955,1,0.038,-0.016,
1955,2,0.004,-0.002,
1955,3,-0.034,0.015,
1955,4,0.058,0.007,
1955,5,0.008,0.009,
1955,6,-0.001,0.041,
1955,7,0.013,0.034,
1955,8,0.127,0.054,
1955,9,0.024,0.053,
1955,10,0.109,0.036,
1955,11,-0.006,0.015,
1955,12,-0.072,0.013,
1956,1,0.019,-0.003,
1956,2,0.013,0.005,
1956,3,0.030,0.025,
1956,4,0.035,0.024,
1956,5,0.026,0.026,
1956,6,0.014,0.029,
1956,7,0.025,0.030,
1956,8,0.047,0.044,
1956,9,0.039,0.051,
1956,10,0.095,0.061,
1956,11,0.051,0.045,
1956,12,0.071,0.051,
1957,1,-0.033,0.054,
1957,2,0.071,0.039,
1957,3,0.108,0.030,
1957,4,-0.023,0.045,
1957,5,0.029,0.026,
1957,6,0.042,-0.002,
1957,7,-0.027,0.001,
1957,8,-0.029,-0.010,
1957,9,-0.011,-0.017,
1957,10,-0.026,-0.018,
1957,11,0.006,-0.005,
1957,12,-0.030,-0.026,
1958,1,0.037,-0.001,
1958,2,-0.118,0.027,
1958,3,0.099,0.035,
1958,4,0.145,0.032,
1958,5,0.013,0.054,
1958,6,0.023,0.035,
1958,7,-0.009,0.003,
1958,8,0.001,0.011,
1958,9,-0.014,0.013,
1958,10,0.056,0.015,
1958,11,0.030,0.003,
1958,12,0.000,-0.002,
1959,1,-0.054,-0.020,
1959,2,-0.043,-0.015,
1959,3,-0.032,-0.027,
1959,4,0.054,-0.032,
1959,5,-0.060,-0.024,
1959,6,-0.078,-0.010,
1959,7,-0.003,-0.020,
1959,8,0.038,0.007,
1959,9,0.005,0.024,
1959,10,0.073,0.037,
1959,11,0.009,0.044,
1959,12,0.061,0.052,
1960,1,0.073,0.026,
1960,2,0.043,0.036,
1960,3,-0.056,0.047,
1960,4,0.059,0.045,
1960,5,0.114,0.043,
1960,6,0.065,0.065,
1960,7,0.033,0.067,
1960,8,0.055,0.048,
1960,9,0.066,0.041,
1960,10,0.021,0.014,
1960,11,0.029,-0.005,
1960,12,-0.100,0.006,
1961,1,-0.040,0.029,
1961,2,0.119,0.030,
1961,3,0.138,0.050,
1961,4,0.035,0.056,
1961,5,-0.003,0.031,
1961,6,-0.009,0.001,
1961,7,-0.007,-0.007,
1961,8,-0.012,-0.008,
1961,9,-0.005,-0.002,
1961,10,-0.009,0.003,
1961,11,0.023,-0.000,
1961,12,0.015,0.017,
1962,1,-0.027,0.050,
1962,2,0.082,0.034,
1962,3,0.159,0.036,
1962,4,-0.060,0.044,
1962,5,0.027,0.028,
1962,6,0.010,0.002,
1962,7,0.005,0.015,
1962,8,0.028,0.014,
1962,9,0.007,0.027,
1962,10,0.022,0.021,
1962,11,0.072,0.011,
1962,12,-0.025,-0.010,
1963,1,-0.019,-0.010,
1963,2,-0.101,-0.034,
1963,3,0.022,-0.043,
1963,4,-0.048,-0.047,
1963,5,-0.067,-0.034,
1963,6,-0.039,-0.052,
1963,7,-0.037,-0.046,
1963,8,-0.070,-0.049,
1963,9,-0.017,-0.043,
1963,10,-0.083,-0.057,
1963,11,-0.007,-0.046,
1963,12,-0.107,-0.057,
1964,1,-0.016,-0.037,
1964,2,-0.074,-0.043,
1964,3,0.022,-0.032,
1964,4,-0.042,-0.045,
1964,5,-0.049,-0.035,
1964,6,-0.079,-0.045,
1964,7,-0.026,-0.038,
1964,8,-0.028,-0.034,
1964,9,-0.006,-0.018,
1964,10,-0.034,-0.013,
1964,11,0.004,-0.003,
1964,12,-0.003,0.002,
1965,1,0.023,0.006,
1965,2,0.021,0.005,
1965,3,-0.015,-0.002,
1965,4,-0.000,-0.013,
1965,5,-0.037,-0.019,
1965,6,-0.034,-0.028,
1965,7,-0.008,-0.029,
1965,8,-0.061,-0.032,
1965,9,-0.003,-0.028,
1965,10,-0.056,-0.022,
1965,11,-0.014,-0.024,
1965,12,0.023,-0.027,
1966,1,-0.071,-0.011,
1966,2,-0.020,-0.007,
1966,3,0.028,-0.015,
1966,4,0.003,-0.010,
1966,5,-0.016,-0.006,
1966,6,-0.046,-0.024,
1966,7,-0.001,-0.027,
1966,8,-0.058,-0.042,
1966,9,-0.015,-0.028,
1966,10,-0.089,-0.035,
1966,11,0.025,-0.019,
1966,12,-0.035,-0.025,
1967,1,0.020,-0.004,
1967,2,-0.044,-0.010,
1967,3,0.015,-0.001,
1967,4,-0.007,-0.002,
1967,5,0.011,0.006,
1967,6,0.015,0.002,
1967,7,-0.004,-0.004,
1967,8,-0.004,-0.010,
1967,9,-0.039,-0.024,
1967,10,-0.020,-0.006,
1967,11,-0.055,-0.011,
1967,12,0.087,-0.019,
1968,1,-0.026,-0.028,
1968,2,-0.081,-0.017,
1968,3,-0.065,-0.030,
1968,4,0.002,-0.019,
1968,5,0.021,-0.004,
1968,6,0.027,0.005,
1968,7,-0.005,0.002,
1968,8,-0.022,-0.012,
1968,9,-0.010,-0.007,
1968,10,-0.050,-0.031,
1968,11,0.049,-0.040,
1968,12,-0.121,-0.048,
1969,1,-0.069,-0.041,
1969,2,-0.047,-0.051,
1969,3,-0.016,-0.031,
1969,4,-0.004,-0.010,
1969,5,-0.020,0.012,
1969,6,0.038,0.011,
1969,7,0.062,0.014,
1969,8,-0.019,0.021,
1969,9,0.008,0.022,
1969,10,0.017,-0.003,
1969,11,0.043,-0.006,
1969,12,-0.066,-0.011,
1970,1,-0.029,-0.017,
1970,2,-0.021,-0.015,
1970,3,-0.010,-0.009,
1970,4,0.054,-0.000,
1970,5,-0.038,0.005,
1970,6,0.014,0.014,
1970,7,0.007,-0.001,
1970,8,0.036,0.018,
1970,9,-0.022,0.042,
1970,10,0.055,0.058,
1970,11,0.134,0.045,
1970,12,0.086,0.066,
1971,1,-0.027,0.049,
1971,2,0.083,0.015,
1971,3,-0.031,-0.003,
1971,4,-0.038,0.004,
1971,5,-0.002,-0.020,
1971,6,0.008,-0.026,
1971,7,-0.037,-0.012,
1971,8,-0.060,0.017,
1971,9,0.033,0.028,
1971,10,0.141,0.045,
1971,11,0.060,0.066,
1971,12,0.050,0.058,
1972,1,0.046,0.041,
1972,2,-0.009,0.042,
1972,3,0.059,0.048,
1972,4,0.063,0.051,
1972,5,0.080,0.055,
1972,6,0.059,0.047,
1972,7,0.015,0.039,
1972,8,0.019,0.016,
1972,9,0.023,0.024,
1972,10,-0.039,0.043,
1972,11,0.100,0.060,
1972,12,0.113,0.073,
1973,1,0.101,0.110,
1973,2,0.092,0.099,
1973,3,0.142,0.087,
1973,4,0.050,0.072,
1973,5,0.052,0.059,
1973,6,0.022,0.035,
1973,7,0.027,0.030,
1973,8,0.023,0.030,
1973,9,0.026,0.008,
1973,10,0.053,0.005,
1973,11,-0.086,0.028,
1973,12,0.012,0.032,
1974,1,0.134,0.009,
1974,2,0.045,0.017,
1974,3,-0.059,0.018,
1974,4,-0.048,-0.004,
1974,5,0.016,-0.016,
1974,6,0.028,-0.009,
1974,7,-0.019,-0.004,
1974,8,-0.024,-0.034,
1974,9,-0.023,-0.047,
1974,10,-0.131,-0.028,
1974,11,-0.037,-0.021,
1974,12,0.076,-0.001,
1975,1,0.012,0.024,
1975,2,0.076,-0.006,
1975,3,-0.007,-0.013,
1975,4,-0.188,-0.016,
1975,5,0.043,-0.025,
1975,6,-0.005,-0.031,
1975,7,0.033,0.011,
1975,8,-0.036,0.008,
1975,9,0.019,0.026,
1975,10,0.030,0.032,
1975,11,0.081,0.042,
1975,12,0.064,0.041,
1976,1,0.015,0.044,
1976,2,0.015,0.014,
1976,3,0.046,-0.010,
1976,4,-0.069,-0.011,
1976,5,-0.058,-0.022,
1976,6,0.012,-0.039,
1976,7,-0.044,-0.030,
1976,8,-0.036,-0.025,
1976,9,-0.027,-0.053,
1976,10,-0.028,-0.072,
1976,11,-0.130,-0.123,
1976,12,-0.141,-0.159,
1977,1,-0.290,-0.160,
1977,2,-0.205,-0.151,
1977,3,-0.033,-0.138,
1977,4,-0.084,-0.092,
1977,5,-0.077,-0.065,
1977,6,-0.061,-0.069,
1977,7,-0.068,-0.043,
1977,8,-0.054,-0.036,
1977,9,0.043,-0.014,
1977,10,-0.040,0.017,
1977,11,0.050,0.026,
1977,12,0.085,0.019,
1978,1,-0.010,0.029,
1978,2,0.008,0.024,
1978,3,0.010,0.017,
1978,4,0.027,0.006,
1978,5,0.048,0.008,
1978,6,-0.064,0.008,
1978,7,0.020,0.012,
1978,8,0.009,-0.002,
1978,9,0.046,0.027,
1978,10,-0.019,0.013,
1978,11,0.080,0.014,
1978,12,-0.052,-0.028,
1979,1,0.014,-0.017,
1979,2,-0.166,-0.040,
1979,3,0.039,-0.036,
1979,4,-0.037,-0.042,
1979,5,-0.028,-0.015,
1979,6,-0.019,-0.029,
1979,7,-0.029,-0.018,
1979,8,-0.034,-0.016,
1979,9,0.021,-0.012,
1979,10,-0.022,-0.016,
1979,11,0.001,-0.005,
1979,12,-0.047,-0.024,
1980,1,0.020,-0.043,
1980,2,-0.074,-0.035,
1980,3,-0.116,-0.026,
1980,4,0.040,-0.049,
1980,5,0.002,-0.048,
1980,6,-0.098,-0.035,
1980,7,-0.066,-0.057,
1980,8,-0.052,-0.080,
1980,9,-0.070,-0.087,
1980,10,-0.114,-0.099,
1980,11,-0.133,-0.117,
1980,12,-0.127,-0.110,
1981,1,-0.141,-0.105,
1981,2,-0.036,-0.104,
1981,3,-0.088,-0.080,
1981,4,-0.126,-0.063,
1981,5,-0.010,-0.065,
1981,6,-0.055,-0.050,
1981,7,-0.044,-0.034,
1981,8,-0.016,-0.049,
1981,9,-0.046,-0.047,
1981,10,-0.084,-0.058,
1981,11,-0.045,-0.075,
1981,12,-0.099,-0.063,
1982,1,-0.103,-0.049,
1982,2,0.016,-0.072,
1982,3,-0.015,-0.058,
1982,4,-0.159,-0.021,
1982,5,-0.029,-0.031,
1982,6,0.082,-0.043,
1982,7,-0.036,-0.020,
1982,8,-0.075,-0.003,
1982,9,-0.040,-0.022,
1982,10,0.053,-0.003,
1982,11,-0.015,0.016,
1982,12,0.060,0.046,
1983,1,0.022,0.057,
1983,2,0.111,0.074,
1983,3,0.106,0.064,
1983,4,0.069,0.063,
1983,5,0.013,0.038,
1983,6,0.017,0.021,
1983,7,-0.015,0.002,
1983,8,0.020,0.014,
1983,9,-0.028,0.021,
1983,10,0.077,0.025,
1983,11,0.052,0.025,
1983,12,0.001,0.045,
1984,1,0.022,0.032,
1984,2,0.071,0.055,
1984,3,0.014,0.047,
1984,4,0.170,0.040,
1984,5,-0.042,0.019,
1984,6,-0.014,0.016,
1984,7,-0.033,-0.031,
1984,8,-0.001,-0.012,
1984,9,-0.065,-0.011,
1984,10,0.056,-0.001,
1984,11,-0.012,-0.017,
1984,12,0.019,-0.010,
1985,1,-0.082,-0.035,
1985,2,-0.030,-0.038,
1985,3,-0.068,-0.043,
1985,4,-0.029,-0.038,
1985,5,-0.005,-0.032,
1985,6,-0.056,-0.021,
1985,7,-0.003,-0.035,
1985,8,-0.010,-0.034,
1985,9,-0.098,0.011,
1985,10,0.000,0.010,
1985,11,0.168,-0.010,
1985,12,-0.008,0.024,
1986,1,-0.110,0.009,
1986,2,0.070,-0.014,
1986,3,-0.074,-0.013,
1986,4,0.050,-0.008,
1986,5,-0.002,-0.028,
1986,6,-0.081,-0.020,
1986,7,-0.034,-0.043,
1986,8,-0.033,-0.047,
1986,9,-0.063,-0.036,
1986,10,-0.024,-0.025,
1986,11,-0.028,-0.017,
1986,12,0.022,-0.011,
1987,1,0.006,0.017,
1987,2,-0.030,0.042,
1987,3,0.117,0.026,
1987,4,0.096,0.017,
1987,5,-0.058,0.018,
1987,6,-0.039,-0.008,
1987,7,-0.028,-0.028,
1987,8,-0.011,-0.036,
1987,9,-0.005,-0.044,
1987,10,-0.097,-0.033,
1987,11,-0.080,-0.040,
1987,12,0.030,-0.037,
1988,1,-0.048,-0.035,
1988,2,0.012,-0.006,
1988,3,-0.087,-0.010,
1988,4,0.062,-0.014,
1988,5,0.012,-0.030,
1988,6,-0.069,-0.022,
1988,7,-0.070,-0.056,
1988,8,-0.042,-0.077,
1988,9,-0.108,-0.077,
1988,10,-0.097,-0.078,
1988,11,-0.068,-0.075,
1988,12,-0.076,-0.067,
1989,1,-0.025,-0.054,
1989,2,-0.068,-0.055,
1989,3,-0.032,-0.049,
1989,4,-0.076,-0.052,
1989,5,-0.042,-0.043,
1989,6,-0.042,-0.043,
1989,7,-0.022,-0.032,
1989,8,-0.034,-0.033,
1989,9,-0.017,-0.039,
1989,10,-0.049,-0.069,
1989,11,-0.075,-0.071,
1989,12,-0.171,-0.071,
1990,1,-0.043,-0.072,
1990,2,-0.016,-0.072,
1990,3,-0.054,-0.044,
1990,4,-0.076,-0.048,
1990,5,-0.033,-0.053,
1990,6,-0.061,-0.045,
1990,7,-0.044,-0.038,
1990,8,-0.009,-0.038,
1990,9,-0.045,-0.039,
1990,10,-0.031,-0.030,
1990,11,-0.069,-0.018,
1990,12,0.002,-0.007,
1991,1,0.054,0.013,
1991,2,0.009,0.025,
1991,3,0.068,0.021,
1991,4,-0.006,0.005,
1991,5,-0.022,0.002,
1991,6,-0.024,-0.020,
1991,7,-0.007,-0.032,
1991,8,-0.043,-0.037,
1991,9,-0.064,-0.035,
1991,10,-0.046,-0.045,
1991,11,-0.014,-0.034,
1991,12,-0.059,-0.012,
1992,1,0.015,-0.011,
1992,2,0.044,-0.007,
1992,3,-0.042,0.005,
1992,4,0.009,0.006,
1992,5,-0.001,-0.002,
1992,6,0.018,-0.000,
1992,7,0.005,-0.016,
1992,8,-0.033,-0.024,
1992,9,-0.067,-0.018,
1992,10,-0.044,-0.020,
1992,11,0.050,0.001,
1992,12,-0.004,0.019,
1993,1,0.072,0.029,
1993,2,0.020,0.045,
1993,3,0.010,0.050,
1993,4,0.128,0.028,
1993,5,0.021,0.020,
1993,6,-0.040,0.020,
1993,7,-0.020,-0.011,
1993,8,0.011,-0.019,
1993,9,-0.027,-0.016,
1993,10,-0.020,-0.001,
1993,11,-0.027,-0.024,
1993,12,0.060,-0.017,
1994,1,-0.108,-0.012,
1994,2,0.011,-0.011,
1994,3,0.006,-0.033,
1994,4,-0.026,-0.019,
1994,5,-0.047,-0.029,
1994,6,-0.038,-0.040,
1994,7,-0.043,-0.051,
1994,8,-0.047,-0.044,
1994,9,-0.081,-0.052,
1994,10,-0.011,-0.032,
1994,11,-0.077,-0.022,
1994,12,0.054,-0.030,
1995,1,0.004,-0.027,
1995,2,-0.119,-0.025,
1995,3,0.004,-0.033,
1995,4,-0.069,-0.042,
1995,5,0.015,-0.020,
1995,6,-0.039,-0.007,
1995,7,-0.013,0.006,
1995,8,0.071,0.007,
1995,9,-0.002,0.012,
1995,10,0.020,0.002,
1995,11,-0.014,0.009,
1995,12,-0.064,0.002,
1996,1,0.107,-0.008,
1996,2,-0.040,-0.003,
1996,3,-0.027,0.008,
1996,4,0.008,-0.011,
1996,5,-0.008,-0.008,
1996,6,0.011,-0.001,
1996,7,-0.022,0.025,
1996,8,0.009,0.042,
1996,9,0.137,0.051,
1996,10,0.075,0.091,
1996,11,0.058,0.097,
1996,12,0.177,0.084,
1997,1,0.038,0.081,
1997,2,0.074,0.069,
1997,3,0.059,0.020,
1997,4,-0.001,0.025,
1997,5,-0.069,0.007,
1997,6,0.064,-0.006,
1997,7,-0.018,-0.012,
1997,8,-0.006,-0.001,
1997,9,-0.030,-0.006,
1997,10,-0.017,0.007,
1997,11,0.040,0.039,
1997,12,0.046,0.097,
1998,1,0.158,0.117,
1998,2,0.257,0.128,
1998,3,0.083,0.139,
1998,4,0.095,0.106,
1998,5,0.102,0.056,
1998,6,-0.007,0.044,
1998,7,0.004,0.025,
1998,8,0.027,-0.007,
1998,9,-0.002,-0.011,
1998,10,-0.058,-0.009,
1998,11,-0.024,-0.011,
1998,12,0.010,0.012,
1999,1,0.018,0.010,
1999,2,0.112,0.018,
1999,3,-0.067,0.017,
1999,4,0.015,0.004,
1999,5,0.006,-0.025,
1999,6,-0.046,-0.015,
1999,7,-0.033,-0.020,
1999,8,-0.014,-0.034,
1999,9,-0.011,-0.038,
1999,10,-0.063,-0.038,
1999,11,-0.067,-0.066,
1999,12,-0.033,-0.082,
2000,1,-0.154,-0.067,
2000,2,-0.094,-0.057,
2000,3,0.013,-0.046,
2000,4,-0.016,-0.026,
2000,5,0.021,-0.007,
2000,6,-0.053,-0.018,
2000,7,0.002,-0.024,
2000,8,-0.042,-0.048,
2000,9,-0.045,-0.041,
2000,10,-0.101,-0.072,
2000,11,-0.021,-0.070,
2000,12,-0.153,-0.075,
2001,1,-0.030,-0.064,
2001,2,-0.068,-0.066,
2001,3,-0.047,-0.036,
2001,4,-0.032,-0.044,
2001,5,-0.005,-0.037,
2001,6,-0.067,-0.035,
2001,7,-0.033,-0.032,
2001,8,-0.039,-0.045,
2001,9,-0.017,-0.037,
2001,10,-0.070,-0.027,
2001,11,-0.026,-0.037,
2001,12,0.016,-0.032,
2002,1,-0.091,-0.039,
2002,2,0.013,-0.053,
2002,3,-0.109,-0.077,
2002,4,-0.093,-0.066,
2002,5,-0.106,-0.081,
2002,6,-0.035,-0.067,
2002,7,-0.060,-0.050,
2002,8,-0.039,-0.023,
2002,9,-0.011,-0.032,
2002,10,0.029,-0.033,
2002,11,-0.080,-0.046,
2002,12,-0.063,-0.065,
2003,1,-0.105,-0.063,
2003,2,-0.107,-0.041,
2003,3,0.042,-0.024,
2003,4,0.030,-0.005,
2003,5,0.021,0.009,
2003,6,-0.014,-0.007,
2003,7,-0.032,0.004,
2003,8,-0.039,-0.007,
2003,9,0.084,-0.003,
2003,10,-0.032,-0.006,
2003,11,0.006,-0.030,
2003,12,-0.048,-0.057,
2004,1,-0.158,-0.051,
2004,2,-0.053,-0.069,
2004,3,-0.001,-0.068,
2004,4,-0.083,-0.047,
2004,5,-0.043,-0.034,
2004,6,-0.052,-0.034,
2004,7,0.011,-0.009,
2004,8,-0.005,0.020,
2004,9,0.046,0.031,
2004,10,0.099,0.030,
2004,11,0.004,0.038,
2004,12,0.006,0.050,
2005,1,0.035,0.033,
2005,2,0.104,0.055,
2005,3,0.014,0.065,
2005,4,0.114,0.063,
2005,5,0.059,0.047,
2005,6,0.025,0.048,
2005,7,0.021,0.022,
2005,8,0.021,0.009,
2005,9,-0.019,-0.001,
2005,10,-0.004,-0.014,
2005,11,-0.025,-0.013,
2005,12,-0.042,-0.012,
2006,1,0.026,-0.025,
2006,2,-0.013,-0.023,
2006,3,-0.070,-0.009,
2006,4,-0.013,-0.020,
2006,5,0.028,-0.027,
2006,6,-0.031,-0.015,
2006,7,-0.049,-0.001,
2006,8,-0.012,-0.007,
2006,9,0.058,0.010,
2006,10,0.002,0.014,
2006,11,0.052,0.008,
2006,12,-0.031,-0.046,
2007,1,-0.039,-0.066,
2007,2,-0.215,-0.090,
2007,3,-0.098,-0.097,
2007,4,-0.069,-0.089,
2007,5,-0.065,-0.052,
2007,6,0.002,-0.034,
2007,7,-0.032,-0.029,
2007,8,-0.007,-0.013,
2007,9,-0.043,-0.021,
2007,10,0.014,-0.015,
2007,11,-0.037,-0.017,
2007,12,-0.000,-0.012,
2008,1,-0.021,-0.012,
2008,2,-0.014,0.004,
2008,3,0.015,0.016,
2008,4,0.040,0.014,
2008,5,0.061,0.010,
2008,6,-0.033,-0.001,
2008,7,-0.032,-0.010,
2008,8,-0.043,-0.033,
2008,9,-0.001,-0.039,
2008,10,-0.059,-0.046,
2008,11,-0.059,-0.051,
2008,12,-0.067,-0.060,
2009,1,-0.067,-0.050,
2009,2,-0.047,-0.043,
2009,3,-0.009,-0.035,
2009,4,-0.025,-0.001,
2009,5,-0.028,0.020,
2009,6,0.106,0.015,
2009,7,0.057,0.024,
2009,8,-0.034,0.040,
2009,9,0.018,0.042,
2009,10,0.054,0.038,
2009,11,0.116,0.044,
2009,12,0.034,0.039,
2010,1,-0.000,0.063,
2010,2,-0.009,0.047,
2010,3,0.176,0.038,
2010,4,0.033,0.038,
2010,5,-0.012,0.034,
2010,6,0.001,0.011,
2010,7,-0.028,0.008,
2010,8,0.061,0.007,
2010,9,0.021,0.017,
2010,10,-0.019,0.012,
2010,11,0.053,0.001,
2010,12,-0.055,-0.003,
2011,1,0.007,0.019,
2011,2,-0.003,0.022,
2011,3,0.095,0.061,
2011,4,0.066,0.067,
2011,5,0.138,0.075,
2011,6,0.040,0.060,
2011,7,0.037,0.072,
2011,8,0.021,0.055,
2011,9,0.125,0.054,
2011,10,0.050,0.058,
2011,11,0.036,0.055,
2011,12,0.057,0.028,
2012,1,0.005,0.027,
2012,2,-0.006,0.015,
2012,3,0.043,0.011,
2012,4,-0.026,0.026,
2012,5,0.040,0.030,
2012,6,0.078,0.029,
2012,7,0.014,0.025,
2012,8,0.037,0.021,
2012,9,-0.045,
2012,10,0.020,
2012,12,0.107,
2013,1,0.026,
2013,2,-0.024,0.032,
2013,3,0.038,-0.002,
2013,4,0.012,-0.011,
2013,5,-0.061,-0.004,
2013,6,-0.021,-0.008,
2013,7,0.010,-0.014,
2013,8,0.020,0.010,
2013,9,-0.016,-0.009,
2013,10,0.058,-0.012,
2013,11,-0.117,-0.026,
2013,12,-0.006,-0.033,
2014,1,-0.048,-0.053,
2014,2,-0.050,-0.023,
2014,3,-0.046,-0.015,
2014,4,0.036,0.004,
2014,5,0.032,0.013,
2014,6,0.049,0.032,
2014,7,-0.005,0.026,
2014,8,0.047,0.030,
2014,9,0.009,0.003,
2014,10,0.051,0.010,
2014,11,-0.086,-0.018,
2014,12,0.032,-0.038,
2015,1,-0.097,-0.075,
2015,2,-0.089,-0.069,
2015,3,-0.132,-0.094,
2015,4,-0.060,-0.076,
2015,5,-0.093,-0.048,
2015,6,-0.004,-0.020,
2015,7,0.048,-0.002,
2015,8,0.007,0.022,
2015,9,0.031,0.021,
2015,10,0.028,0.029,
2015,11,-0.011,0.027,
2015,12,0.087,0.027,
2016,1,-0.001,0.028,
2016,2,0.032,0.033,
2016,3,0.031,0.012,
2016,4,0.015,0.005,
2016,5,-0.018,-0.004,
2016,6,-0.036,-0.015,
2016,7,-0.015,-0.002,
2016,8,-0.023,0.003,
2016,9,0.083,0.001,
2016,10,0.006,-0.003,
2016,11,-0.047,0.006,
2016,12,-0.036,-0.008,
2017,1,0.023,-0.042,
2017,2,0.013,-0.017,
2017,3,-0.163,0.008,
2017,4,0.077,0.008,
2017,5,0.090,0.011,
2017,6,0.025,0.054,
2017,7,0.026,0.044,
2017,8,0.051,0.034,
2017,9,0.027,0.037,
2017,10,0.042,0.023,
2017,11,0.041,-0.020,
2017,12,-0.044,-0.025,
2018,1,-0.166,-0.033,
2018,2,0.004,-0.046,
2018,3,-0.002,-0.034,
2018,4,-0.025,0.015,
2018,5,0.017,0.030,
2018,6,0.080,0.035,
2018,7,0.080,0.073,
2018,8,0.024,0.076,
2018,9,0.166,0.063,
2018,10,0.028,0.077,
2018,11,0.018,0.088,
2018,12,0.149,0.062,
2019,1,0.079,0.065,
2019,2,0.037,0.070,
2019,3,0.044,0.061,
2019,4,0.043,0.051,
2019,5,0.104,0.055,
2019,6,0.030,0.057,
2019,7,0.053,0.066,
2019,8,0.055,0.075,
2019,9,0.090,0.077,
2019,10,0.147,0.073,
2019,11,0.037,0.074,
2019,12,0.036,0.070,
2020,1,0.062,0.060,
2020,2,0.071,0.068,
2020,3,0.095,0.059,
2020,4,0.077,0.054,
2020,5,-0.010,0.051,
2020,6,0.035,0.039,
2020,7,0.057,0.032,
2020,8,0.035,0.038,
2020,9,0.042,0.033,
2020,10,0.022,0.033,
2020,11,0.008,0.042,
2020,12,0.057,0.046,
2021,1,0.081,0.039,
2021,2,0.063,0.036,
2021,3,-0.016,0.006,
2021,4,-0.006,-0.009,
2021,5,-0.092,-0.021,
2021,6,0.006,-0.011,
2021,7,0.004,0.001,
2021,8,0.034,0.046,
2021,9,0.053,0.047,
2021,10,0.135,0.054,
2021,11,0.010,0.054,
2021,12,0.041,0.038,
2022,1,0.030,0.003,
2022,2,-0.028,-0.009,
2022,3,-0.039,0.002,
2022,4,-0.048,-0.001,
2022,5,0.093,0.001,
2022,6,0.019,0.004,
2022,7,-0.020,0.011,
2022,8,-0.026,-0.008,
2022,9,-0.009,-0.012,
2022,10,-0.006,0.012,
2022,11,0.002,0.037,
2022,12,0.098,0.054,
2023,1,0.098,0.075,
2023,2,0.080,0.093,
2023,3,0.097,0.080,
2023,4,0.091,0.079,
2023,5,0.035,0.075,
2023,6,0.093,0.063,
2023,7,0.059,0.054,
2023,8,0.035,0.058,
2023,9,0.044,0.059,
2023,10,0.057,0.075,
2023,11,0.098,0.106,
2023,12,0.140,0.152,
2024,1,0.188,0.166,
2024,2,0.275,0.185,
2024,3,0.127,0.194,
2024,4,0.196,0.162,
2024,5,0.185,0.113,
2024,6,0.028,0.095,
2024,7,0.027,0.087,
2024,8,0.040,0.056,
2024,9,0.156,0.056,
2024,10,0.029,
2024,11,0.028,
