Interannual variation of monthly mean sea level and the 5-month centered average.
The values are in meters.  The average seasonal cycle and the relative sea level trend have been removed.
Column values are the Year; Month; Interannual Variation; and the 5-month centered average of the Interannual Variation.
Product of NOAAs National Ocean Service / Center for Operational Oceanographic Products and Services (CO-OPS)

Year, Month, Interannual_Variation, Five_Month_Average
1935,5,-0.035,
1935,6,-0.029,
1935,7,-0.030,-0.026,
1935,8,-0.080,-0.038,
1935,9,0.041,-0.020,
1935,10,-0.092,-0.019,
1935,11,0.062,0.027,
1935,12,-0.026,0.043,
1936,1,0.148,0.078,
1936,2,0.122,0.095,
1936,3,0.086,0.086,
1936,4,0.147,0.070,
1936,5,-0.071,0.046,
1936,6,0.065,0.027,
1936,7,0.003,-0.015,
1936,8,-0.010,0.009,
1936,9,-0.062,-0.016,
1936,10,0.046,0.009,
1936,11,-0.057,0.039,
1936,12,0.130,0.099,
1937,1,0.139,0.092,
1937,2,0.236,0.126,
1937,3,0.010,0.113,
1937,4,0.114,0.082,
1937,5,0.066,0.033,
1937,6,-0.013,0.035,
1937,7,-0.011,0.012,
1937,8,0.021,-0.011,
1937,9,-0.003,-0.023,
1937,10,-0.048,-0.026,
1937,11,-0.075,-0.025,
1937,12,-0.025,-0.039,
1938,1,0.025,-0.039,
1938,2,-0.072,-0.023,
1938,3,-0.047,-0.013,
1938,4,0.007,-0.012,
1938,5,0.024,0.006,
1938,6,0.030,0.016,
1938,7,0.017,0.013,
1938,8,0.004,0.018,
1938,9,-0.009,0.023,
1938,10,0.049,0.030,
1938,11,0.056,0.035,
1938,12,0.048,0.062,
1939,1,0.031,0.088,
1939,2,0.124,0.075,
1939,3,0.182,0.076,
1939,4,-0.008,0.068,
1939,5,0.052,0.053,
1939,6,-0.010,0.025,
1939,7,0.047,0.035,
1939,8,0.046,0.011,
1939,9,0.039,-0.003,
1939,10,-0.068,-0.030,
1939,11,-0.080,-0.058,
1939,12,-0.086,-0.063,
1940,1,-0.094,-0.054,
1940,2,0.011,-0.046,
1940,3,-0.022,-0.026,
1940,4,-0.040,-0.008,
1940,5,0.016,-0.026,
1940,6,-0.003,-0.005,
1940,7,-0.080,-0.006,
1940,8,0.080,-0.020,
1940,9,-0.043,-0.027,
1940,10,-0.053,-0.022,
1940,11,-0.040,-0.041,
1940,12,-0.054,-0.046,
1941,1,-0.014,-0.056,
1941,2,-0.067,-0.052,
1941,3,-0.104,-0.063,
1941,4,-0.022,-0.067,
1941,5,-0.106,-0.051,
1941,6,-0.036,-0.050,
1941,7,0.015,-0.073,
1941,8,-0.100,-0.080,
1941,9,-0.139,-0.090,
1941,10,-0.138,-0.113,
1941,11,-0.086,-0.109,
1941,12,-0.100,-0.082,
1942,1,-0.081,-0.054,
1942,2,-0.006,-0.044,
1942,3,0.003,-0.020,
1942,4,-0.034,-0.006,
1942,5,0.016,-0.008,
1942,6,-0.008,0.001,
1942,7,-0.019,0.008,
1942,8,0.051,0.026,
1942,9,-0.002,0.019,
1942,10,0.108,0.018,
1942,11,-0.042,0.014,
1942,12,-0.027,0.009,
1943,1,0.032,-0.018,
1943,2,-0.028,0.005,
1943,3,-0.024,0.015,
1943,4,0.073,0.017,
1943,5,0.020,0.055,
1943,6,0.046,0.062,
1943,7,0.161,0.038,
1943,8,0.011,0.036,
1943,9,-0.048,0.017,
1943,10,0.012,-0.024,
1943,11,-0.051,-0.014,
1943,12,-0.045,0.012,
1944,1,0.062,0.039,
1944,2,0.079,0.076,
1944,3,0.147,0.089,
1944,4,0.135,0.078,
1944,5,0.020,0.078,
1944,6,0.008,0.056,
1944,7,0.080,0.014,
1944,8,0.039,0.023,
1944,9,-0.075,0.022,
1944,10,0.061,-0.001,
1944,11,0.007,-0.009,
1944,12,-0.035,-0.006,
1945,1,-0.001,-0.032,
1945,2,-0.063,-0.044,
1945,3,-0.067,-0.042,
1945,4,-0.051,-0.044,
1945,5,-0.029,-0.007,
1945,6,-0.010,0.027,
1945,7,0.122,0.092,
1945,8,0.103,0.116,
1945,9,0.273,0.121,
1945,10,0.091,0.136,
1945,11,0.016,0.145,
1945,12,0.197,0.108,
1946,1,0.146,0.089,
1946,2,0.089,0.094,
1946,3,-0.002,0.072,
1946,4,0.040,0.044,
1946,5,0.087,0.051,
1946,6,0.008,0.069,
1946,7,0.119,0.068,
1946,8,0.088,0.082,
1946,9,0.036,0.106,
1946,10,0.161,0.088,
1946,11,0.124,0.089,
1946,12,0.029,0.073,
1947,1,0.097,0.028,
1947,2,-0.048,-0.002,
1947,3,-0.063,-0.016,
1947,4,-0.023,-0.030,
1947,5,-0.040,-0.016,
1947,6,0.026,-0.008,
1947,7,0.022,0.016,
1947,8,-0.024,0.040,
1947,9,0.097,0.100,
1947,10,0.080,0.129,
1947,11,0.325,0.156,
1947,12,0.170,0.197,
1948,1,0.109,0.217,
1948,2,0.300,0.169,
1948,3,0.181,0.151,
1948,4,0.087,0.150,
1948,5,0.079,0.096,
1948,6,0.104,0.057,
1948,7,0.032,0.043,
1948,8,-0.018,0.046,
1948,9,0.021,0.057,
1948,10,0.092,0.092,
1948,11,0.157,0.104,
1948,12,0.210,0.114,
1949,1,0.043,0.090,
1949,2,0.069,0.057,
1949,3,-0.029,0.037,
1949,4,-0.007,0.040,
1949,5,0.109,0.046,
1949,6,0.058,0.064,
1949,7,0.099,0.083,
1949,8,0.062,0.071,
1949,9,0.089,0.068,
1949,10,0.050,0.036,
1949,11,0.039,0.006,
1949,12,-0.058,-0.016,
1950,1,-0.091,-0.035,
1950,2,-0.022,-0.046,
1950,3,-0.043,-0.027,
1950,4,-0.014,-0.018,
1950,5,0.033,-0.000,
1950,6,-0.046,0.012,
1950,7,0.069,0.008,
1950,8,0.016,-0.006,
1950,9,-0.033,-0.013,
1950,10,-0.037,-0.036,
1950,11,-0.079,-0.055,
1950,12,-0.046,-0.066,
1951,1,-0.078,-0.060,
1951,2,-0.092,-0.043,
1951,3,-0.003,-0.038,
1951,4,0.006,-0.021,
1951,5,-0.024,-0.018,
1951,6,0.009,-0.024,
1951,7,-0.077,-0.045,
1951,8,-0.035,-0.042,
1951,9,-0.100,-0.045,
1951,10,-0.007,-0.028,
1951,11,-0.006,-0.019,
1951,12,0.010,0.019,
1952,1,0.007,0.049,
1952,2,0.092,0.050,
1952,3,0.140,0.061,
1952,4,0.003,0.042,
1952,5,0.062,0.010,
1952,6,-0.084,-0.026,
1952,7,-0.073,-0.023,
1952,8,-0.038,-0.050,
1952,9,0.020,-0.037,
1952,10,-0.074,-0.009,
1952,11,-0.021,0.010,
1952,12,0.068,0.005,
1953,1,0.060,0.027,
1953,2,-0.006,0.029,
1953,3,0.034,0.010,
1953,4,-0.012,-0.007,
1953,5,-0.026,-0.014,
1953,6,-0.023,-0.030,
1953,7,-0.043,-0.038,
1953,8,-0.046,-0.035,
1953,9,-0.050,-0.040,
1953,10,-0.013,-0.034,
1953,11,-0.049,-0.021,
1953,12,-0.011,-0.005,
1954,1,0.017,-0.017,
1954,2,0.031,0.000,
1954,3,-0.072,0.008,
1954,4,0.036,0.009,
1954,5,0.029,0.002,
1954,6,0.019,-0.008,
1954,7,-0.003,-0.042,
1954,8,-0.120,-0.060,
1954,9,-0.133,-0.076,
1954,10,-0.064,-0.090,
1954,11,-0.060,-0.067,
1954,12,-0.075,-0.048,
1955,1,-0.001,-0.050,
1955,2,-0.042,-0.035,
1955,3,-0.072,-0.014,
1955,4,0.013,-0.010,
1955,5,0.033,0.005,
1955,6,0.016,0.051,
1955,7,0.035,0.088,
1955,8,0.158,0.103,
1955,9,0.200,0.094,
1955,10,0.104,0.070,
1955,11,-0.026,0.039,
1955,12,-0.086,0.000,
1956,1,0.006,-0.028,
1956,2,0.004,-0.024,
1956,3,-0.036,-0.007,
1956,4,-0.005,-0.017,
1956,5,-0.004,-0.033,
1956,6,-0.046,-0.030,
1956,7,-0.075,-0.040,
1956,8,-0.019,-0.029,
1956,9,-0.058,-0.013,
1956,10,0.055,-0.006,
1956,11,0.032,-0.021,
1956,12,-0.040,-0.003,
1957,1,-0.094,0.011,
1957,2,0.032,-0.008,
1957,3,0.127,0.001,
1957,4,-0.063,0.030,
1957,5,0.005,0.030,
1957,6,0.051,0.011,
1957,7,0.029,0.026,
1957,8,0.034,0.034,
1957,9,0.009,0.040,
1957,10,0.046,0.058,
1957,11,0.082,0.071,
1957,12,0.121,0.058,
1958,1,0.095,0.058,
1958,2,-0.053,0.065,
1958,3,0.045,0.051,
1958,4,0.114,0.027,
1958,5,0.052,0.026,
1958,6,-0.022,-0.001,
1958,7,-0.060,-0.045,
1958,8,-0.088,-0.044,
1958,9,-0.107,-0.045,
1958,10,0.059,-0.037,
1958,11,-0.031,-0.021,
1958,12,-0.016,-0.017,
1959,1,-0.012,-0.033,
1959,2,-0.084,-0.018,
1959,3,-0.022,-0.019,
1959,4,0.045,-0.013,
1959,5,-0.024,0.015,
1959,6,0.022,0.017,
1959,7,0.054,0.001,
1959,8,-0.012,0.016,
1959,9,-0.036,0.028,
1959,10,0.053,0.025,
1959,11,0.082,0.049,
1959,12,0.037,0.089,
1960,1,0.111,0.085,
1960,2,0.164,
1960,3,0.033,
1960,6,0.046,
1961,1,-0.084,
1961,2,-0.010,
1961,3,0.076,0.015,
1961,4,0.103,0.027,
1961,5,-0.012,0.036,
1961,6,-0.024,0.010,
1961,7,0.036,-0.023,
1961,8,-0.056,-0.034,
1961,9,-0.057,-0.033,
1961,10,-0.068,-0.050,
1961,11,-0.018,-0.057,
1961,12,-0.051,-0.042,
1962,1,-0.090,-0.000,
1962,2,0.015,-0.004,
1962,3,0.143,0.002,
1962,4,-0.039,
1962,5,-0.017,
1962,8,-0.023,
1962,9,-0.030,
1962,10,-0.025,
1963,1,0.093,
1963,2,0.006,
1963,3,-0.055,-0.023,
1963,4,-0.082,-0.062,
1963,5,-0.078,-0.078,
1963,6,-0.099,-0.084,
1963,7,-0.073,-0.073,
1963,8,-0.087,-0.077,
1963,9,-0.029,-0.058,
1963,10,-0.098,-0.052,
1963,11,-0.002,-0.033,
1963,12,-0.044,-0.029,
1964,1,0.008,-0.018,
1964,2,-0.008,-0.028,
1964,3,-0.046,-0.025,
1964,4,-0.052,-0.035,
1964,5,-0.026,-0.049,
1964,6,-0.044,-0.049,
1964,7,-0.079,-0.025,
1964,8,-0.046,0.000,
1964,9,0.069,0.003,
1964,10,0.103,0.013,
1964,11,-0.030,0.016,
1964,12,-0.029,0.002,
1965,1,-0.031,-0.021,
1965,2,-0.005,-0.024,
1965,3,-0.011,-0.037,
1965,4,-0.042,-0.038,
1965,5,-0.096,-0.023,
1965,6,-0.038,-0.025,
1965,7,0.071,-0.030,
1965,8,-0.022,-0.031,
1965,9,-0.068,-0.036,
1965,10,-0.097,-0.070,
1965,11,-0.062,-0.066,
1965,12,-0.102,-0.058,
1966,1,-0.001,-0.027,
1966,2,-0.027,-0.032,
1966,3,0.056,-0.007,
1966,4,-0.087,-0.001,
1966,5,0.024,-0.002,
1966,6,0.029,-0.020,
1966,7,-0.030,-0.007,
1966,8,-0.034,-0.037,
1966,9,-0.025,-0.064,
1966,10,-0.124,-0.062,
1966,11,-0.108,-0.057,
1966,12,-0.019,-0.059,
1967,1,-0.010,-0.061,
1967,2,-0.032,-0.048,
1967,3,-0.136,-0.044,
1967,4,-0.044,-0.047,
1967,5,-0.000,-0.052,
1967,6,-0.022,-0.024,
1967,7,-0.059,-0.012,
1967,8,0.006,-0.022,
1967,9,0.018,-0.023,
1967,10,-0.051,-0.006,
1967,11,-0.029,-0.017,
1967,12,0.027,-0.026,
1968,1,-0.048,-0.036,
1968,2,-0.029,-0.054,
1968,3,-0.101,-0.081,
1968,4,-0.117,-0.084,
1968,5,-0.107,-0.087,
1968,6,-0.067,-0.074,
1968,7,-0.041,-0.067,
1968,8,-0.036,-0.063,
1968,9,-0.085,-0.065,
1968,10,-0.084,-0.080,
1968,11,-0.080,-0.099,
1968,12,-0.113,-0.076,
1969,1,-0.134,-0.055,
1969,2,0.032,-0.055,
1969,3,0.018,-0.044,
1969,4,-0.078,-0.012,
1969,5,-0.060,-0.017,
1969,6,0.030,-0.005,
1969,7,0.005,0.004,
1969,8,0.077,0.013,
1969,9,-0.033,0.014,
1969,10,-0.013,0.016,
1969,11,0.036,-0.007,
1969,12,0.015,-0.007,
1970,1,-0.042,-0.005,
1970,2,-0.032,-0.007,
1970,3,-0.004,-0.019,
1970,4,0.027,-0.013,
1970,5,-0.042,-0.012,
1970,6,-0.015,-0.006,
1970,7,-0.028,-0.029,
1970,8,0.028,-0.021,
1970,9,-0.088,-0.010,
1970,10,-0.004,0.008,
1970,11,0.043,0.004,
1970,12,0.062,0.015,
1971,1,0.005,0.020,
1971,2,-0.030,0.006,
1971,3,0.021,-0.005,
1971,4,-0.028,-0.004,
1971,5,0.007,-0.012,
1971,6,0.010,-0.026,
1971,7,-0.070,-0.022,
1971,8,-0.051,-0.002,
1971,9,-0.008,0.019,
1971,10,0.109,0.043,
1971,11,0.116,0.057,
1971,12,0.047,0.069,
1972,1,0.020,0.044,
1972,2,0.052,0.023,
1972,3,-0.015,0.030,
1972,4,0.012,0.038,
1972,5,0.083,0.030,
1972,6,0.059,0.035,
1972,7,0.009,0.030,
1972,8,0.011,0.013,
1972,9,-0.011,0.030,
1972,10,-0.004,0.056,
1972,11,0.147,0.082,
1972,12,0.138,0.132,
1973,1,0.142,0.167,
1973,2,0.235,0.175,
1973,3,0.171,0.159,
1973,4,0.189,0.127,
1973,5,0.060,0.084,
1973,6,-0.020,0.058,
1973,7,0.021,0.019,
1973,8,0.039,0.017,
1973,9,-0.005,0.017,
1973,10,0.052,0.010,
1973,11,-0.020,0.003,
1973,12,-0.017,0.034,
1974,1,0.002,0.012,
1974,2,0.153,0.020,
1974,3,-0.057,0.038,
1974,4,0.016,0.054,
1974,5,0.075,0.030,
1974,6,0.084,0.072,
1974,7,0.031,0.078,
1974,8,0.155,0.055,
1974,9,0.045,0.029,
1974,10,-0.039,0.028,
1974,11,-0.048,0.006,
1974,12,0.029,0.026,
1975,1,0.042,0.050,
1975,2,0.147,0.064,
1975,3,0.080,0.074,
1975,4,0.025,0.083,
1975,5,0.078,0.082,
1975,6,0.087,0.084,
1975,7,0.141,0.077,
1975,8,0.091,0.069,
1975,9,-0.013,0.050,
1975,10,0.037,0.033,
1975,11,-0.005,0.007,
1975,12,0.054,-0.013,
1976,1,-0.037,-0.037,
1976,2,-0.112,-0.049,
1976,3,-0.084,-0.067,
1976,4,-0.066,-0.049,
1976,5,-0.035,-0.024,
1976,6,0.054,-0.010,
1976,7,0.010,-0.016,
1976,8,-0.015,-0.034,
1976,9,-0.095,-0.071,
1976,10,-0.122,-0.071,
1976,11,-0.132,-0.087,
1976,12,0.011,-0.101,
1977,1,-0.098,-0.070,
1977,2,-0.166,-0.054,
1977,3,0.035,-0.059,
1977,4,-0.050,-0.030,
1977,5,-0.018,-0.010,
1977,6,0.051,-0.024,
1977,7,-0.069,-0.018,
1977,8,-0.033,-0.033,
1977,9,-0.022,-0.021,
1977,10,-0.093,0.003,
1977,11,0.112,0.016,
1977,12,0.052,0.028,
1978,1,0.030,0.049,
1978,2,0.041,0.030,
1978,3,0.008,0.041,
1978,4,0.020,0.026,
1978,5,0.107,0.018,
1978,6,-0.046,0.009,
1978,7,0.002,-0.001,
1978,8,-0.036,-0.035,
1978,9,-0.030,-0.019,
1978,10,-0.066,-0.026,
1978,11,0.033,-0.024,
1978,12,-0.033,-0.033,
1979,1,-0.023,-0.012,
1979,2,-0.077,-0.021,
1979,3,0.042,-0.022,
1979,4,-0.013,-0.021,
1979,5,-0.040,-0.011,
1979,6,-0.018,-0.034,
1979,7,-0.025,-0.021,
1979,8,-0.075,-0.026,
1979,9,0.052,-0.032,
1979,10,-0.063,-0.028,
1979,11,-0.050,0.006,
1979,12,-0.006,-0.001,
1980,1,0.096,0.008,
1980,2,0.015,0.025,
1980,3,-0.015,0.030,
1980,4,0.036,0.005,
1980,5,0.015,-0.013,
1980,6,-0.027,-0.040,
1980,7,-0.077,-0.077,
1980,8,-0.148,-0.111,
1980,9,-0.149,-0.134,
1980,10,-0.156,-0.142,
1980,11,-0.140,-0.132,
1980,12,-0.116,-0.129,
1981,1,-0.100,-0.120,
1981,2,-0.135,-0.119,
1981,3,-0.110,-0.102,
1981,4,-0.132,-0.104,
1981,5,-0.032,-0.081,
1981,6,-0.112,-0.050,
1981,7,-0.019,-0.035,
1981,8,0.047,-0.060,
1981,9,-0.060,-0.039,
1981,10,-0.156,-0.055,
1981,11,-0.006,-0.079,
1981,12,-0.102,-0.077,
1982,1,-0.069,-0.049,
1982,2,-0.051,-0.079,
1982,3,-0.015,-0.072,
1982,4,-0.158,-0.035,
1982,5,-0.069,-0.031,
1982,6,0.117,-0.043,
1982,7,-0.030,-0.037,
1982,8,-0.075,-0.031,
1982,9,-0.129,-0.054,
1982,10,-0.037,-0.031,
1982,11,0.003,0.004,
1982,12,0.081,0.062,
1983,1,0.103,0.119,
1983,2,0.162,0.142,
1983,3,0.245,0.117,
1983,4,0.122,0.096,
1983,5,-0.048,0.064,
1983,6,-0.002,-0.003,
1983,7,0.003,-0.041,
1983,8,-0.092,-0.040,
1983,9,-0.068,-0.046,
1983,10,-0.043,-0.052,
1983,11,-0.030,-0.020,
1983,12,-0.026,-0.007,
1984,1,0.065,0.022,
1984,2,-0.002,0.059,
1984,3,0.102,0.054,
1984,4,0.156,0.034,
1984,5,-0.053,0.027,
1984,6,-0.035,0.005,
1984,7,-0.033,-0.026,
1984,8,-0.010,-0.005,
1984,9,0.002,0.009,
1984,10,0.049,0.014,
1984,11,0.035,0.015,
1984,12,-0.005,0.017,
1985,1,-0.007,-0.011,
1985,2,0.013,-0.043,
1985,3,-0.090,-0.042,
1985,4,-0.127,-0.052,
1985,5,0.002,-0.055,
1985,6,-0.056,-0.020,
1985,7,-0.002,-0.001,
1985,8,0.085,0.006,
1985,9,-0.032,0.017,
1985,10,0.034,0.012,
1985,11,0.002,-0.024,
1985,12,-0.028,-0.023,
1986,1,-0.097,-0.058,
1986,2,-0.026,-0.051,
1986,3,-0.139,-0.039,
1986,4,0.038,-0.011,
1986,5,0.027,-0.004,
1986,6,0.045,0.018,
1986,7,0.007,-0.008,
1986,8,-0.028,-0.034,
1986,9,-0.092,-0.045,
1986,10,-0.103,-0.041,
1986,11,-0.008,-0.012,
1986,12,0.024,0.013,
1987,1,0.119,0.064,
1987,2,0.032,0.070,
1987,3,0.155,0.056,
1987,4,0.020,0.013,
1987,5,-0.046,0.002,
1987,6,-0.095,-0.041,
1987,7,-0.026,-0.061,
1987,8,-0.060,-0.078,
1987,9,-0.076,-0.077,
1987,10,-0.133,-0.088,
1987,11,-0.089,-0.088,
1987,12,-0.083,-0.088,
1988,1,-0.061,-0.089,
1988,2,-0.074,-0.074,
1988,3,-0.138,-0.074,
1988,4,-0.017,-0.072,
1988,5,-0.082,-0.074,
1988,6,-0.049,-0.058,
1988,7,-0.084,-0.068,
1988,8,-0.060,-0.061,
1988,9,-0.064,-0.067,
1988,10,-0.047,-0.073,
1988,11,-0.080,-0.078,
1988,12,-0.113,-0.082,
1989,1,-0.085,-0.059,
1989,2,-0.084,-0.040,
1989,3,0.066,-0.011,
1989,4,0.015,-0.005,
1989,5,0.031,0.012,
1989,6,-0.054,-0.007,
1989,7,0.002,-0.021,
1989,8,-0.030,-0.033,
1989,9,-0.054,-0.040,
1989,10,-0.029,-0.050,
1989,11,-0.086,-0.066,
1989,12,-0.051,-0.072,
1990,1,-0.111,-0.072,
1990,2,-0.082,-0.063,
1990,3,-0.031,-0.053,
1990,4,-0.040,-0.035,
1990,5,0.001,-0.023,
1990,6,-0.021,-0.022,
1990,7,-0.022,-0.020,
1990,8,-0.027,-0.028,
1990,9,-0.030,-0.023,
1990,10,-0.041,-0.026,
1990,11,0.006,0.001,
1990,12,-0.039,-0.010,
1991,1,0.111,0.010,
1991,2,-0.085,0.003,
1991,3,0.058,0.010,
1991,4,-0.031,-0.006,
1991,5,-0.002,0.020,
1991,6,0.028,0.021,
1991,7,0.045,0.026,
1991,8,0.066,0.026,
1991,9,-0.005,0.021,
1991,10,-0.007,-0.018,
1991,11,0.004,-0.030,
1991,12,-0.149,-0.037,
1992,1,0.005,-0.054,
1992,2,-0.037,-0.063,
1992,3,-0.094,-0.030,
1992,4,-0.039,-0.016,
1992,5,0.014,-0.008,
1992,6,0.074,0.019,
1992,7,0.006,0.015,
1992,8,0.039,0.011,
1992,9,-0.060,0.003,
1992,10,-0.003,0.001,
1992,11,0.034,0.026,
1992,12,-0.007,0.047,
1993,1,0.166,0.049,
1993,2,0.046,0.062,
1993,3,0.007,0.058,
1993,4,0.098,0.015,
1993,5,-0.029,-0.003,
1993,6,-0.047,-0.014,
1993,7,-0.045,-0.047,
1993,8,-0.047,-0.043,
1993,9,-0.065,-0.046,
1993,10,-0.012,-0.041,
1993,11,-0.063,-0.054,
1993,12,-0.020,-0.050,
1994,1,-0.108,-0.041,
1994,2,-0.044,-0.049,
1994,3,0.030,-0.044,
1994,4,-0.100,-0.035,
1994,5,0.003,-0.041,
1994,6,-0.063,-0.057,
1994,7,-0.074,-0.041,
1994,8,-0.050,-0.042,
1994,9,-0.018,-0.052,
1994,10,-0.006,-0.016,
1994,11,-0.113,-0.001,
1994,12,0.108,-0.009,
1995,1,0.023,0.001,
1995,2,-0.057,0.019,
1995,3,0.043,0.002,
1995,4,-0.023,0.013,
1995,5,0.025,0.046,
1995,6,0.077,0.061,
1995,7,0.106,0.076,
1995,8,0.119,0.084,
1995,9,0.054,0.074,
1995,10,0.066,0.053,
1995,11,0.025,0.025,
1995,12,0.001,-0.001,
1996,1,-0.019,-0.038,
1996,2,-0.076,-0.061,
1996,3,-0.121,-0.074,
1996,4,-0.092,-0.085,
1996,5,-0.064,-0.077,
1996,6,-0.073,-0.055,
1996,7,-0.032,0.007,
1996,8,-0.014,0.043,
1996,9,0.216,0.060,
1996,10,0.117,0.078,
1996,11,0.015,0.080,
1996,12,0.058,0.041,
1997,1,-0.004,0.017,
1997,2,0.020,0.023,
1997,3,-0.006,0.006,
1997,4,0.048,0.007,
1997,5,-0.028,0.003,
1997,6,-0.000,0.002,
1997,7,0.003,-0.016,
1997,8,-0.014,-0.026,
1997,9,-0.040,-0.039,
1997,10,-0.077,-0.047,
1997,11,-0.069,-0.028,
1997,12,-0.034,0.053,
1998,1,0.081,0.095,
1998,2,0.366,0.120,
1998,3,0.130,0.140,
1998,4,0.058,0.111,
1998,5,0.064,0.019,
1998,6,-0.062,-0.025,
1998,7,-0.095,-0.043,
1998,8,-0.092,-0.086,
1998,9,-0.032,-0.094,
1998,10,-0.147,-0.086,
1998,11,-0.102,-0.065,
1998,12,-0.057,-0.037,
1999,1,0.013,-0.017,
1999,2,0.109,-0.001,
1999,3,-0.049,0.015,
1999,4,-0.021,0.004,
1999,5,0.022,-0.023,
1999,6,-0.043,-0.012,
1999,7,-0.025,0.049,
1999,8,0.009,0.080,
1999,9,0.282,0.085,
1999,10,0.176,0.091,
1999,11,-0.017,0.078,
1999,12,0.003,-0.005,
2000,1,-0.056,-0.047,
2000,2,-0.131,-0.047,
2000,3,-0.033,-0.050,
2000,4,-0.019,-0.050,
2000,5,-0.012,-0.020,
2000,6,-0.056,-0.003,
2000,7,0.022,0.012,
2000,8,0.052,0.015,
2000,9,0.054,0.030,
2000,10,0.001,0.007,
2000,11,0.022,-0.032,
2000,12,-0.096,-0.078,
2001,1,-0.140,-0.080,
2001,2,-0.176,-0.100,
2001,3,-0.008,-0.087,
2001,4,-0.081,-0.067,
2001,5,-0.031,-0.036,
2001,6,-0.039,-0.047,
2001,7,-0.019,-0.037,
2001,8,-0.063,-0.041,
2001,9,-0.031,-0.046,
2001,10,-0.051,-0.047,
2001,11,-0.067,-0.067,
2001,12,-0.022,-0.078,
2002,1,-0.165,-0.090,
2002,2,-0.087,-0.083,
2002,3,-0.110,-0.093,
2002,4,-0.031,-0.066,
2002,5,-0.074,-0.062,
2002,6,-0.029,-0.037,
2002,7,-0.064,-0.034,
2002,8,0.012,-0.014,
2002,9,-0.017,-0.013,
2002,10,0.028,-0.010,
2002,11,-0.025,-0.035,
2002,12,-0.046,-0.059,
2003,1,-0.116,-0.049,
2003,2,-0.136,-0.014,
2003,3,0.080,-0.006,
2003,4,0.146,0.024,
2003,5,-0.001,0.038,
2003,6,0.030,0.013,
2003,7,-0.063,-0.017,
2003,8,-0.047,-0.020,
2003,9,-0.004,-0.027,
2003,10,-0.018,-0.016,
2003,11,-0.002,-0.026,
2003,12,-0.009,-0.044,
2004,1,-0.097,-0.066,
2004,2,-0.095,-0.093,
2004,3,-0.125,-0.110,
2004,4,-0.140,-0.105,
2004,5,-0.095,-0.097,
2004,6,-0.071,-0.081,
2004,7,-0.053,-0.059,
2004,8,-0.047,-0.036,
2004,9,-0.029,-0.036,
2004,10,0.023,-0.041,
2004,11,-0.072,-0.032,
2004,12,-0.078,-0.025,
2005,1,-0.002,-0.037,
2005,2,0.005,-0.021,
2005,3,-0.040,-0.009,
2005,4,0.009,-0.016,
2005,5,-0.016,-0.028,
2005,6,-0.037,-0.020,
2005,7,-0.054,-0.026,
2005,8,0.000,-0.014,
2005,9,-0.023,-0.030,
2005,10,0.044,-0.033,
2005,11,-0.118,-0.040,
2005,12,-0.070,-0.058,
2006,1,-0.032,-0.086,
2006,2,-0.116,-0.086,
2006,3,-0.092,-0.068,
2006,4,-0.122,-0.074,
2006,5,0.020,-0.072,
2006,6,-0.059,-0.064,
2006,7,-0.106,-0.027,
2006,8,-0.053,-0.042,
2006,9,0.064,-0.020,
2006,10,-0.058,0.007,
2006,11,0.054,0.017,
2006,12,0.026,-0.014,
2007,1,-0.002,-0.027,
2007,2,-0.090,-0.045,
2007,3,-0.125,-0.061,
2007,4,-0.033,-0.062,
2007,5,-0.057,-0.051,
2007,6,-0.005,-0.041,
2007,7,-0.037,-0.052,
2007,8,-0.074,-0.051,
2007,9,-0.087,-0.074,
2007,10,-0.055,-0.092,
2007,11,-0.117,-0.112,
2007,12,-0.129,-0.127,
2008,1,-0.171,-0.144,
2008,2,-0.162,-0.119,
2008,3,-0.144,-0.089,
2008,4,0.011,-0.082,
2008,5,0.019,-0.063,
2008,6,-0.136,-0.031,
2008,7,-0.063,-0.016,
2008,8,0.016,-0.026,
2008,9,0.085,-0.004,
2008,10,-0.030,-0.015,
2008,11,-0.026,-0.048,
2008,12,-0.120,-0.110,
2009,1,-0.149,-0.117,
2009,2,-0.226,-0.124,
2009,3,-0.061,-0.117,
2009,4,-0.065,-0.073,
2009,5,-0.081,-0.033,
2009,6,0.067,-0.038,
2009,7,-0.026,-0.004,
2009,8,-0.086,0.010,
2009,9,0.104,0.031,
2009,10,-0.010,0.069,
2009,11,0.171,0.090,
2009,12,0.164,0.087,
2010,1,0.022,0.098,
2010,2,0.086,0.047,
2010,3,0.045,-0.011,
2010,4,-0.084,-0.035,
2010,5,-0.127,-0.069,
2010,6,-0.095,-0.084,
2010,7,-0.086,-0.072,
2010,8,-0.030,-0.041,
2010,9,-0.024,-0.029,
2010,10,0.032,-0.031,
2010,11,-0.036,-0.054,
2010,12,-0.096,-0.072,
2011,1,-0.147,-0.094,
2011,2,-0.113,-0.109,
2011,3,-0.080,-0.096,
2011,4,-0.109,-0.078,
2011,5,-0.033,-0.059,
2011,6,-0.054,-0.039,
2011,7,-0.020,-0.020,
2011,8,0.023,-0.028,
2011,9,-0.015,-0.032,
2011,10,-0.076,-0.041,
2011,11,-0.073,-0.071,
2011,12,-0.064,-0.087,
2012,1,-0.125,-0.092,
2012,2,-0.098,-0.075,
2012,3,-0.098,-0.066,
2012,4,0.008,-0.021,
2012,5,-0.015,-0.001,
2012,6,0.099,0.028,
2012,7,0.003,0.017,
2012,8,0.046,0.009,
2012,9,-0.048,-0.003,
2012,10,-0.053,-0.003,
2012,11,0.038,-0.020,
2012,12,-0.000,-0.026,
2013,1,-0.037,-0.020,
2013,2,-0.078,-0.042,
2013,3,-0.021,-0.044,
2013,4,-0.075,-0.036,
2013,5,-0.010,-0.005,
2013,6,0.004,0.007,
2013,7,0.078,0.013,
2013,8,0.040,0.012,
2013,9,-0.047,-0.005,
2013,10,-0.013,-0.024,
2013,11,-0.084,-0.023,
2013,12,-0.014,-0.002,
2014,1,0.044,0.014,
2014,2,0.059,0.046,
2014,3,0.067,0.060,
2014,4,0.071,0.053,
2014,5,0.060,0.046,
2014,6,0.006,0.056,
2014,7,0.026,0.060,
2014,8,0.115,0.046,
2014,9,0.092,0.041,
2014,10,-0.011,0.046,
2014,11,-0.018,0.041,
2014,12,0.054,0.027,
2015,1,0.086,0.025,
2015,2,0.025,0.023,
2015,3,-0.025,0.013,
2015,4,-0.026,-0.010,
2015,5,0.007,-0.006,
2015,6,-0.031,0.003,
2015,7,0.047,0.005,
2015,8,0.016,0.040,
2015,9,-0.016,0.076,
2015,10,0.183,0.101,
2015,11,0.152,0.132,
2015,12,0.171,0.163,
2016,1,0.172,0.127,
2016,2,0.138,0.102,
2016,3,0.003,0.082,
2016,4,0.028,0.071,
2016,5,0.071,0.047,
2016,6,0.116,0.047,
2016,7,0.017,0.045,
2016,8,0.001,0.090,
2016,9,0.020,0.082,
2016,10,0.297,0.087,
2016,11,0.076,0.087,
2016,12,0.038,0.071,
2017,1,0.006,-0.015,
2017,2,-0.062,-0.016,
2017,3,-0.134,-0.013,
2017,4,0.072,-0.009,
2017,5,0.053,0.007,
2017,6,0.024,0.047,
2017,7,0.022,0.054,
2017,8,0.062,0.038,
2017,9,0.109,0.032,
2017,10,-0.025,0.021,
2017,11,-0.008,-0.017,
2017,12,-0.034,-0.049,
2018,1,-0.127,-0.029,
2018,2,-0.053,-0.029,
2018,3,0.079,-0.023,
2018,4,-0.010,0.007,
2018,5,-0.001,0.025,
2018,6,0.018,0.024,
2018,7,0.040,0.099,
2018,8,0.071,0.114,
2018,9,0.367,0.144,
2018,10,0.072,0.175,
2018,11,0.168,0.179,
2018,12,0.197,0.120,
2019,1,0.091,0.130,
2019,2,0.072,0.116,
2019,3,0.122,0.094,
2019,4,0.100,0.089,
2019,5,0.084,0.095,
2019,6,0.068,0.086,
2019,7,0.103,0.082,
2019,8,0.074,0.084,
2019,9,0.080,0.092,
2019,10,0.094,0.083,
2019,11,0.108,0.073,
2019,12,0.058,0.081,
2020,1,0.025,0.063,
2020,2,0.120,0.059,
2020,3,0.004,0.061,
2020,4,0.088,0.092,
2020,5,0.068,0.088,
2020,6,0.178,0.114,
2020,7,0.100,0.118,
2020,8,0.135,0.131,
2020,9,0.110,0.126,
2020,10,0.131,0.124,
2020,11,0.153,0.128,
2020,12,0.089,0.142,
2021,1,0.158,0.127,
2021,2,0.180,0.110,
2021,3,0.056,0.083,
2021,4,0.067,0.054,
2021,5,-0.044,0.034,
2021,6,0.012,0.037,
2021,7,0.076,0.028,
2021,8,0.073,0.044,
2021,9,0.024,0.053,
2021,10,0.034,0.044,
2021,11,0.059,0.056,
2021,12,0.029,0.045,
2022,1,0.135,0.032,
2022,2,-0.033,0.024,
2022,3,-0.028,0.038,
2022,4,0.019,0.024,
2022,5,0.097,0.037,
2022,6,0.063,0.039,
2022,7,0.032,0.045,
2022,8,-0.014,0.041,
2022,9,0.045,0.039,
2022,10,0.076,0.048,
2022,11,0.054,0.058,
2022,12,0.079,0.050,
2023,1,0.035,0.055,
2023,2,0.004,0.066,
2023,3,0.102,0.068,
2023,4,0.111,0.090,
2023,5,0.085,0.113,
2023,6,0.148,0.100,
2023,7,0.122,0.098,
2023,8,0.036,0.107,
2023,9,0.100,0.100,
2023,10,0.132,0.100,
2023,11,0.108,0.112,
2023,12,0.122,0.115,
2024,1,0.100,0.106,
2024,2,0.115,0.096,
2024,3,0.088,0.094,
2024,4,0.056,0.081,
2024,5,0.113,0.069,
2024,6,0.032,0.087,
2024,7,0.056,0.124,
2024,8,0.180,0.123,
2024,9,0.239,0.131,
2024,10,0.106,
2024,11,0.074,
