Interannual variation of monthly mean sea level and the 5-month centered average.
The values are in meters.  The average seasonal cycle and the relative sea level trend have been removed.
Column values are the Year; Month; Interannual Variation; and the 5-month centered average of the Interannual Variation.
Product of NOAAs National Ocean Service / Center for Operational Oceanographic Products and Services (CO-OPS)

Year, Month, Interannual_Variation, Five_Month_Average
1957,6,0.022,
1957,7,0.123,
1957,8,0.119,0.078,
1957,9,0.042,0.087,
1957,10,0.086,0.062,
1957,11,0.066,0.048,
1957,12,-0.003,0.016,
1958,1,0.049,0.013,
1958,2,-0.117,0.019,
1958,3,0.069,0.021,
1958,4,0.096,0.022,
1958,5,0.010,0.039,
1958,6,0.054,0.016,
1958,7,-0.033,-0.009,
1958,8,-0.046,0.003,
1958,9,-0.032,-0.007,
1958,10,0.071,0.013,
1958,11,0.005,0.027,
1958,12,0.067,0.028,
1959,1,0.024,
1959,2,-0.026,
1959,6,0.006,
1959,7,0.018,
1959,8,-0.064,-0.012,
1959,9,-0.008,-0.013,
1959,10,-0.011,-0.015,
1959,11,-0.001,0.016,
1959,12,0.011,0.018,
1960,1,0.088,0.014,
1960,2,0.004,0.007,
1960,3,-0.032,0.003,
1960,4,-0.038,-0.006,
1960,5,-0.006,0.011,
1960,6,0.042,0.018,
1960,7,0.092,0.033,
1960,8,0.002,0.032,
1960,9,0.035,0.004,
1960,10,-0.011,-0.026,
1960,11,-0.099,-0.041,
1960,12,-0.059,-0.060,
1961,1,-0.070,-0.049,
1961,2,-0.060,-0.037,
1961,3,0.041,-0.029,
1961,4,-0.039,-0.034,
1961,5,-0.016,-0.033,
1961,6,-0.095,-0.054,
1961,7,-0.056,-0.057,
1961,8,-0.065,
1961,9,-0.053,
1962,1,-0.096,
1962,2,0.077,
1962,3,0.172,0.017,
1962,4,-0.100,0.034,
1962,5,0.030,0.022,
1962,6,-0.010,-0.013,
1962,7,0.018,0.003,
1962,8,-0.001,-0.010,
1962,9,-0.024,-0.008,
1962,10,-0.034,-0.008,
1962,11,-0.001,0.004,
1962,12,0.022,0.007,
1963,1,0.054,-0.011,
1963,2,-0.009,-0.016,
1963,3,-0.122,-0.021,
1963,4,-0.024,-0.041,
1963,5,-0.003,-0.053,
1963,6,-0.047,-0.036,
1963,7,-0.068,-0.025,
1963,8,-0.037,-0.039,
1963,9,0.031,
1963,10,-0.073,
1963,12,-0.145,
1964,1,-0.099,
1967,2,-0.010,
1967,3,-0.016,
1967,4,0.085,0.060,
1967,5,0.084,0.070,
1967,6,0.159,0.090,
1967,7,0.038,0.099,
1967,8,0.083,0.088,
1967,9,0.131,
1967,10,0.030,
1968,2,0.069,
1968,3,-0.125,
1968,4,-0.019,-0.043,
1968,5,-0.075,
1968,6,-0.063,
1968,8,-0.009,
1968,9,-0.024,
1969,3,-0.037,
1969,4,-0.059,
1969,5,-0.023,-0.016,
1969,6,0.034,-0.006,
1969,7,0.007,0.012,
1969,8,0.010,0.025,
1969,9,0.030,
1969,10,0.044,
1970,1,-0.012,
1970,2,-0.066,
1970,3,-0.004,-0.003,
1970,4,0.033,0.015,
1970,5,0.031,0.030,
1970,6,0.079,0.029,
1970,7,0.010,0.019,
1970,8,-0.006,0.036,
1970,9,-0.016,0.021,
1970,10,0.114,0.039,
1970,11,0.003,0.028,
1970,12,0.100,0.004,
1971,1,-0.058,-0.040,
1971,2,-0.136,-0.054,
1971,3,-0.111,-0.087,
1971,4,-0.063,-0.082,
1971,5,-0.066,-0.030,
1971,6,-0.033,0.030,
1971,7,0.126,0.082,
1971,8,0.188,0.144,
1971,9,0.197,0.207,
1971,10,0.244,0.237,
1971,11,0.279,0.203,
1971,12,0.274,0.177,
1972,1,0.019,0.142,
1972,2,0.069,0.098,
1972,3,0.069,0.074,
1972,4,0.059,0.089,
1972,5,0.156,0.081,
1972,6,0.091,0.084,
1972,7,0.030,0.081,
1972,8,0.082,0.064,
1972,9,0.044,0.078,
1972,10,0.070,0.093,
1972,11,0.164,0.103,
1972,12,0.103,0.127,
1973,1,0.134,0.138,
1973,2,0.163,0.112,
1973,3,0.126,0.092,
1973,4,0.035,0.053,
1973,5,0.000,0.023,
1973,6,-0.059,-0.006,
1973,7,0.012,-0.014,
1973,8,-0.019,-0.004,
1973,9,-0.002,0.012,
1973,10,0.049,0.015,
1973,11,0.020,0.019,
1973,12,0.029,0.033,
1974,1,-0.004,0.013,
1974,2,0.071,-0.005,
1974,3,-0.051,-0.012,
1974,4,-0.069,-0.008,
1974,5,-0.006,-0.014,
1974,6,0.015,
1974,7,0.043,
1975,10,-0.026,
1975,11,-0.031,
1976,1,-0.059,
1976,2,-0.161,
1976,3,-0.090,
1976,4,-0.021,
1976,7,-0.028,
1977,1,-0.102,
1977,2,-0.107,
1977,3,-0.003,-0.054,
1977,4,-0.072,-0.024,
1977,5,0.012,-0.010,
1977,6,0.051,-0.014,
1977,7,-0.037,-0.013,
1977,8,-0.026,-0.038,
1977,9,-0.066,-0.042,
1977,10,-0.113,-0.034,
1977,11,0.032,-0.051,
1977,12,0.001,-0.027,
1978,1,-0.108,-0.003,
1978,2,0.052,-0.009,
1978,3,0.007,-0.018,
1978,4,0.003,-0.007,
1978,5,-0.046,-0.019,
1978,6,-0.053,-0.033,
1978,7,-0.007,-0.035,
1978,8,-0.060,-0.033,
1978,9,-0.008,-0.010,
1978,10,-0.038,-0.021,
1978,11,0.065,-0.028,
1978,12,-0.063,-0.036,
1979,1,-0.098,-0.043,
1979,2,-0.046,-0.061,
1979,3,-0.073,-0.066,
1979,4,-0.024,-0.045,
1979,5,-0.090,-0.037,
1979,6,0.007,-0.035,
1979,7,-0.005,-0.042,
1979,8,-0.063,-0.051,
1979,9,-0.058,-0.074,
1979,10,-0.138,-0.076,
1979,11,-0.109,-0.038,
1979,12,-0.014,-0.014,
1980,1,0.129,0.003,
1980,2,0.064,0.022,
1980,3,-0.055,0.026,
1980,4,-0.015,0.002,
1980,5,0.005,-0.022,
1980,6,0.013,-0.037,
1980,7,-0.059,-0.058,
1980,8,-0.130,-0.091,
1980,9,-0.119,-0.118,
1980,10,-0.159,-0.116,
1980,11,-0.124,-0.098,
1980,12,-0.049,-0.092,
1981,1,-0.041,-0.070,
1981,2,-0.089,-0.061,
1981,3,-0.046,-0.051,
1981,4,-0.079,-0.066,
1981,5,-0.001,-0.044,
1981,6,-0.115,-0.031,
1981,7,0.023,-0.029,
1981,8,0.016,-0.055,
1981,9,-0.070,-0.024,
1981,10,-0.126,-0.047,
1981,11,0.036,-0.074,
1981,12,-0.091,-0.078,
1982,1,-0.118,-0.048,
1982,2,-0.092,-0.071,
1982,3,0.024,-0.066,
1982,4,-0.080,-0.036,
1982,5,-0.066,-0.027,
1982,6,0.031,-0.044,
1982,7,-0.045,-0.044,
1982,8,-0.064,-0.032,
1982,9,-0.079,-0.031,
1982,10,-0.005,-0.006,
1982,11,0.037,0.042,
1982,12,0.083,0.084,
1983,1,0.174,0.107,
1983,2,0.130,0.105,
1983,3,0.113,0.080,
1983,4,0.027,0.053,
1983,5,-0.045,0.039,
1983,6,0.040,0.008,
1983,7,0.059,-0.004,
1983,8,-0.042,0.011,
1983,9,-0.034,0.001,
1983,10,0.029,-0.020,
1983,11,-0.009,0.010,
1983,12,-0.046,0.011,
1984,1,0.107,0.014,
1984,2,-0.029,0.033,
1984,3,0.044,0.031,
1984,4,0.088,0.014,
1984,5,-0.057,0.008,
1984,6,0.022,-0.006,
1984,7,-0.057,-0.032,
1984,8,-0.024,-0.006,
1984,9,-0.044,0.008,
1984,10,0.074,0.036,
1984,11,0.091,0.050,
1984,12,0.082,0.058,
1985,1,0.046,0.046,
1985,2,-0.002,0.023,
1985,3,0.014,0.027,
1985,4,-0.023,0.017,
1985,5,0.102,0.028,
1985,6,-0.006,0.046,
1985,7,0.056,0.058,
1985,8,0.100,0.061,
1985,9,0.039,0.071,
1985,10,0.116,0.052,
1985,11,0.045,0.035,
1985,12,-0.040,0.044,
1986,1,0.016,0.013,
1986,2,0.081,0.033,
1986,3,-0.035,0.066,
1986,4,0.142,0.089,
1986,5,0.125,0.087,
1986,6,0.133,0.099,
1986,7,0.070,0.071,
1986,8,0.024,0.045,
1986,9,0.004,0.039,
1986,10,-0.009,0.055,
1986,11,0.103,0.072,
1986,12,0.155,0.100,
1987,1,0.109,0.133,
1987,2,0.145,0.122,
1987,3,0.153,0.094,
1987,4,0.050,0.065,
1987,5,0.012,0.048,
1987,6,-0.034,0.021,
1987,7,0.061,0.006,
1987,8,0.015,-0.003,
1987,9,-0.023,0.004,
1987,10,-0.036,-0.012,
1987,11,0.005,-0.006,
1987,12,-0.020,0.003,
1988,1,0.042,0.005,
1988,2,0.025,0.019,
1988,3,-0.026,0.023,
1988,4,0.072,0.023,
1988,5,-0.000,0.011,
1988,6,0.045,0.013,
1988,7,-0.034,0.000,
1988,8,-0.017,0.003,
1988,9,0.007,-0.018,
1988,10,0.016,-0.018,
1988,11,-0.060,-0.013,
1988,12,-0.035,-0.016,
1989,1,0.009,-0.007,
1989,2,-0.012,0.006,
1989,3,0.065,0.010,
1989,4,0.003,0.001,
1989,5,-0.013,0.007,
1989,6,-0.038,-0.001,
1989,7,0.017,
1989,8,0.026,
1991,5,0.094,
1991,6,0.126,
1991,7,0.102,0.093,
1991,8,0.069,0.086,
1991,9,0.073,0.071,
1991,10,0.063,0.037,
1991,11,0.050,0.037,
1991,12,-0.067,0.042,
1992,1,0.066,0.023,
1992,2,0.097,0.023,
1992,3,-0.030,0.060,
1992,4,0.051,0.075,
1992,5,0.115,0.058,
1992,6,0.142,0.065,
1992,7,0.014,0.054,
1992,8,0.001,0.038,
1992,9,0.001,0.015,
1992,10,0.032,0.007,
1992,11,0.028,0.036,
1992,12,-0.030,0.063,
1993,1,0.150,0.047,
1993,2,0.134,0.048,
1993,3,-0.045,0.052,
1993,4,0.030,0.021,
1993,5,-0.011,-0.003,
1993,6,-0.002,0.011,
1993,7,0.010,-0.004,
1993,8,0.025,0.006,
1993,9,-0.043,0.004,
1993,10,0.038,0.004,
1993,11,-0.009,-0.012,
1993,12,0.010,0.001,
1994,1,-0.057,-0.005,
1994,2,0.021,-0.015,
1994,3,0.012,-0.001,
1994,4,-0.061,0.001,
1994,5,0.079,-0.016,
1994,6,-0.044,-0.026,
1994,7,-0.066,-0.016,
1994,8,-0.036,-0.027,
1994,9,-0.014,-0.032,
1994,10,0.027,0.018,
1994,11,-0.071,0.027,
1994,12,0.182,0.012,
1995,1,0.013,0.009,
1995,2,-0.091,0.028,
1995,3,0.014,-0.001,
1995,4,0.021,0.001,
1995,5,0.039,0.025,
1995,6,0.025,0.057,
1995,7,0.027,0.068,
1995,8,0.173,0.061,
1995,9,0.078,0.043,
1995,10,0.001,0.042,
1995,11,-0.066,0.005,
1995,12,0.021,-0.025,
1996,1,-0.008,-0.046,
1996,2,-0.075,-0.055,
1996,3,-0.104,-0.074,
1996,4,-0.109,-0.087,
1996,5,-0.076,-0.092,
1996,6,-0.073,-0.078,
1996,7,-0.099,-0.066,
1996,8,-0.036,-0.049,
1996,9,-0.048,-0.036,
1996,10,0.008,-0.015,
1996,11,-0.007,-0.008,
1996,12,0.008,0.010,
1997,1,-0.001,0.012,
1997,2,0.042,0.032,
1997,3,0.018,0.019,
1997,4,0.094,0.033,
1997,5,-0.056,0.031,
1997,6,0.067,0.033,
1997,7,0.033,0.010,
1997,8,0.026,0.007,
1997,9,-0.023,-0.031,
1997,10,-0.071,-0.047,
1997,11,-0.119,-0.048,
1997,12,-0.048,-0.004,
1998,1,0.019,0.011,
1998,2,0.198,0.035,
1998,3,0.002,0.056,
1998,4,0.004,0.037,
1998,5,0.055,-0.015,
1998,6,-0.075,-0.029,
1998,7,-0.059,-0.053,
1998,8,-0.070,-0.090,
1998,9,-0.114,-0.100,
1998,10,-0.129,-0.092,
1998,11,-0.128,-0.077,
1998,12,-0.017,-0.027,
1999,1,0.005,-0.002,
1999,2,0.134,0.027,
1999,3,-0.005,0.035,
1999,4,0.020,0.033,
1999,5,0.023,0.001,
1999,6,-0.007,0.012,
1999,7,-0.024,0.018,
1999,8,0.049,0.016,
1999,9,0.049,0.005,
1999,10,0.012,0.009,
1999,11,-0.062,-0.005,
1999,12,-0.004,-0.031,
2000,1,-0.020,-0.031,
2000,2,-0.080,-0.021,
2000,3,0.010,-0.024,
2000,4,-0.011,-0.032,
2000,5,-0.018,-0.004,
2000,6,-0.062,0.003,
2000,7,0.059,0.008,
2000,8,0.044,0.011,
2000,9,0.018,0.023,
2000,10,-0.005,-0.003,
2000,11,-0.001,-0.029,
2000,12,-0.071,-0.056,
2001,1,-0.088,-0.053,
2001,2,-0.112,-0.073,
2001,3,0.005,-0.058,
2001,4,-0.097,-0.058,
2001,5,0.000,-0.033,
2001,6,-0.088,-0.050,
2001,7,0.013,-0.034,
2001,8,-0.080,-0.045,
2001,9,-0.017,-0.037,
2001,10,-0.053,-0.040,
2001,11,-0.047,-0.053,
2001,12,-0.004,-0.057,
2002,1,-0.145,-0.059,
2002,2,-0.038,-0.049,
2002,3,-0.060,-0.056,
2002,4,-0.000,-0.024,
2002,5,-0.038,-0.022,
2002,6,0.019,0.003,
2002,7,-0.032,0.002,
2002,8,0.065,0.013,
2002,9,-0.002,-0.011,
2002,10,0.017,-0.020,
2002,11,-0.102,-0.054,
2002,12,-0.076,-0.073,
2003,1,-0.104,-0.063,
2003,2,-0.099,-0.029,
2003,3,0.066,-0.019,
2003,4,0.070,-0.015,
2003,5,-0.030,-0.031,
2003,6,-0.081,-0.078,
2003,7,-0.181,-0.095,
2003,8,-0.170,-0.100,
2003,9,-0.013,-0.094,
2003,10,-0.054,-0.069,
2003,11,-0.054,-0.045,
2003,12,-0.056,-0.044,
2004,1,-0.046,-0.048,
2004,2,-0.010,-0.060,
2004,3,-0.071,-0.076,
2004,4,-0.117,-0.081,
2004,5,-0.137,-0.086,
2004,6,-0.071,-0.086,
2004,7,-0.033,-0.078,
2004,8,-0.073,-0.053,
2004,9,-0.076,-0.057,
2004,10,-0.015,-0.072,
2004,11,-0.086,-0.045,
2004,12,-0.108,-0.011,
2005,1,0.059,-0.015,
2005,2,0.096,0.003,
2005,3,-0.037,0.028,
2005,4,0.003,0.015,
2005,5,0.017,-0.012,
2005,6,-0.003,0.002,
2005,7,-0.040,0.007,
2005,8,0.032,0.004,
2005,9,0.029,-0.024,
2005,10,0.001,-0.037,
2005,11,-0.139,-0.052,
2005,12,-0.107,-0.071,
2006,1,-0.043,-0.078,
2006,2,-0.068,-0.064,
2006,3,-0.031,-0.045,
2006,4,-0.073,-0.053,
2006,5,-0.008,-0.063,
2006,6,-0.085,-0.066,
2006,7,-0.119,-0.057,
2006,8,-0.043,-0.072,
2006,9,-0.031,-0.063,
2006,10,-0.084,-0.048,
2006,11,-0.039,-0.047,
2006,12,-0.044,-0.054,
2007,1,-0.040,-0.052,
2007,2,-0.066,-0.051,
2007,3,-0.072,-0.038,
2007,4,-0.033,-0.023,
2007,5,0.022,-0.005,
2007,6,0.034,0.002,
2007,7,0.022,0.005,
2007,8,-0.038,-0.003,
2007,9,-0.015,-0.030,
2007,10,-0.021,-0.050,
2007,11,-0.098,-0.063,
2007,12,-0.078,-0.085,
2008,1,-0.104,-0.105,
2008,2,-0.121,-0.081,
2008,3,-0.125,-0.067,
2008,4,0.025,-0.075,
2008,5,-0.011,-0.059,
2008,6,-0.145,-0.025,
2008,7,-0.039,-0.022,
2008,8,0.046,-0.026,
2008,9,0.039,-0.007,
2008,10,-0.030,-0.033,
2008,11,-0.052,-0.069,
2008,12,-0.167,-0.110,
2009,1,-0.136,-0.110,
2009,2,-0.167,-0.114,
2009,3,-0.027,-0.093,
2009,4,-0.073,-0.051,
2009,5,-0.061,-0.019,
2009,6,0.072,-0.032,
2009,7,-0.004,0.008,
2009,8,-0.092,0.018,
2009,9,0.126,0.030,
2009,10,-0.009,0.052,
2009,11,0.128,0.068,
2009,12,0.105,0.046,
2010,1,-0.008,0.057,
2010,2,0.014,0.014,
2010,3,0.044,-0.030,
2010,4,-0.085,-0.055,
2010,5,-0.116,-0.072,
2010,6,-0.131,-0.081,
2010,7,-0.074,
2010,8,0.000,
2010,12,-0.092,
2011,1,-0.076,
2011,2,-0.061,-0.063,
2011,3,0.018,-0.051,
2011,4,-0.104,-0.046,
2011,5,-0.031,-0.033,
2011,6,-0.054,-0.027,
2011,7,0.005,-0.015,
2011,8,0.047,-0.025,
2011,9,-0.042,-0.029,
2011,10,-0.081,-0.040,
2011,11,-0.074,-0.066,
2011,12,-0.049,-0.059,
2012,1,-0.086,-0.054,
2012,2,-0.008,-0.029,
2012,3,-0.056,-0.014,
2012,4,0.051,0.023,
2012,5,0.030,0.019,
2012,6,0.100,0.032,
2012,7,-0.030,0.007,
2012,8,0.012,-0.009,
2012,9,-0.078,-0.012,
2012,10,-0.048,-0.002,
2012,11,0.086,-0.000,
2012,12,0.018,0.010,
2013,1,0.022,0.024,
2013,2,-0.025,0.010,
2013,3,0.020,0.009,
2013,4,0.017,-0.010,
2013,5,0.011,-0.008,
2013,6,-0.074,-0.005,
2013,7,-0.013,-0.011,
2013,8,0.036,-0.009,
2013,9,-0.012,0.001,
2013,10,0.017,0.003,
2013,11,-0.025,
2013,12,-0.001,
2014,12,0.078,
2015,1,0.083,
2015,2,0.067,0.049,
2015,3,0.007,0.037,
2015,4,0.012,0.007,
2015,5,0.015,0.004,
2015,6,-0.066,0.010,
2015,7,0.054,0.010,
2015,8,0.037,0.033,
2015,9,0.011,0.058,
2015,10,0.128,0.071,
2015,11,0.059,0.089,
2015,12,0.118,0.098,
2016,1,0.129,0.080,
2016,2,0.056,0.086,
2016,3,0.038,0.073,
2016,4,0.089,0.070,
2016,5,0.054,0.056,
2016,6,0.115,0.048,
2016,7,-0.015,0.026,
2016,8,0.000,
2016,9,-0.025,
2017,1,-0.024,
2017,2,-0.034,
2017,3,-0.074,-0.032,
2017,4,0.035,-0.037,
2017,5,-0.063,-0.039,
2017,6,-0.049,-0.018,
2017,7,-0.043,-0.010,
2017,8,0.028,-0.008,
2017,9,0.078,-0.001,
2017,10,-0.055,0.001,
2017,11,-0.013,-0.022,
2017,12,-0.032,-0.044,
2018,1,-0.088,-0.014,
2018,2,-0.034,-0.020,
2018,3,0.097,-0.035,
2018,4,-0.043,-0.036,
2018,5,-0.107,-0.025,
2018,6,-0.092,-0.060,
2018,7,0.022,-0.052,
2018,8,-0.078,-0.042,
2018,9,-0.004,-0.014,
2018,10,-0.057,-0.008,
2018,11,0.049,0.014,
2018,12,0.052,0.032,
2019,1,0.027,0.066,
2019,2,0.088,0.063,
2019,3,0.114,0.056,
2019,4,0.034,0.056,
2019,5,0.019,0.054,
2019,6,0.025,0.038,
2019,7,0.076,0.037,
2019,8,0.037,0.046,
2019,9,0.028,0.063,
2019,10,0.065,0.055,
2019,11,0.112,0.052,
2019,12,0.032,0.053,
2020,1,0.022,0.044,
2020,2,0.036,0.036,
2020,3,0.018,0.031,
2020,4,0.072,0.033,
2020,5,0.008,0.036,
2020,6,0.030,0.036,
2020,7,0.054,0.033,
2020,8,0.017,0.042,
2020,9,0.059,0.042,
2020,10,0.050,0.031,
2020,11,0.030,0.043,
2020,12,0.001,0.051,
2021,1,0.075,0.051,
2021,2,0.096,0.053,
2021,3,0.053,0.043,
2021,4,0.038,0.020,
2021,5,-0.049,0.003,
2021,6,-0.037,-0.009,
2021,7,0.009,-0.020,
2021,8,-0.006,-0.009,
2021,9,-0.016,0.014,
2021,10,0.003,0.022,
2021,11,0.079,0.053,
2021,12,0.047,0.063,
2022,1,0.149,0.058,
2022,2,0.039,0.046,
2022,3,-0.023,0.053,
2022,4,0.020,0.039,
2022,5,0.081,0.024,
2022,6,0.079,0.023,
2022,7,-0.035,0.030,
2022,8,-0.030,0.024,
2022,9,0.054,0.021,
2022,10,0.053,0.044,
2022,11,0.065,0.062,
2022,12,0.080,0.055,
2023,1,0.056,0.076,
2023,2,0.020,0.086,
2023,3,0.158,0.091,
2023,4,0.116,0.106,
2023,5,0.103,0.115,
2023,6,0.134,0.086,
2023,7,0.064,0.070,
2023,8,0.013,0.070,
2023,9,0.034,0.068,
2023,10,0.106,0.070,
2023,11,0.124,0.074,
2023,12,0.074,0.098,
2024,1,0.034,0.098,
2024,2,0.152,0.079,
2024,3,0.108,0.076,
2024,4,0.027,0.077,
2024,5,0.061,0.049,
2024,6,0.037,0.031,
2024,7,0.009,0.058,
2024,8,0.020,0.055,
2024,9,0.162,0.058,
2024,10,0.045,
2024,11,0.052,
