Interannual variation of monthly mean sea level and the 5-month centered average.
The values are in meters.  The average seasonal cycle and the relative sea level trend have been removed.
Column values are the Year; Month; Interannual Variation; and the 5-month centered average of the Interannual Variation.
Product of NOAAs National Ocean Service / Center for Operational Oceanographic Products and Services (CO-OPS)

Year, Month, Interannual_Variation, Five_Month_Average
1897,6,0.060,
1897,7,-0.005,
1897,8,-0.011,0.056,
1897,9,0.068,0.041,
1897,10,0.171,0.054,
1897,11,-0.015,0.054,
1897,12,0.056,0.056,
1898,1,-0.012,0.047,
1898,2,0.078,0.056,
1898,3,0.125,0.046,
1898,4,0.032,0.041,
1898,5,0.007,0.028,
1898,6,-0.037,-0.001,
1898,7,0.015,0.003,
1898,8,-0.023,0.022,
1898,9,0.050,0.041,
1898,10,0.104,0.023,
1898,11,0.059,0.053,
1898,12,-0.074,0.047,
1899,1,0.126,0.010,
1899,2,0.018,0.013,
1899,3,-0.082,0.061,
1899,4,0.079,0.038,
1899,5,0.162,0.052,
1899,6,0.010,0.087,
1899,7,0.088,0.077,
1899,8,0.097,0.069,
1899,9,0.027,0.085,
1899,10,0.124,0.087,
1899,11,0.087,0.075,
1899,12,0.098,0.060,
1900,1,0.039,0.034,
1900,2,-0.048,0.029,
1900,3,-0.005,0.018,
1900,4,0.062,0.013,
1900,5,0.041,0.015,
1900,6,0.014,0.013,
1900,7,-0.036,-0.020,
1900,8,-0.015,-0.018,
1900,9,-0.103,-0.030,
1900,10,0.049,-0.007,
1900,11,-0.046,0.021,
1900,12,0.083,0.043,
1901,1,0.125,0.011,
1901,2,0.007,0.025,
1901,3,-0.113,0.008,
1901,4,0.025,-0.019,
1901,5,-0.003,-0.024,
1901,6,-0.013,-0.010,
1901,7,-0.014,0.012,
1901,8,-0.045,0.040,
1901,9,0.138,0.061,
1901,10,0.134,0.065,
1901,11,0.089,0.076,
1901,12,0.007,0.041,
1902,1,0.009,0.019,
1902,2,-0.037,0.001,
1902,3,0.028,0.006,
1902,4,-0.004,0.010,
1902,5,0.034,0.019,
1902,6,0.030,0.014,
1902,7,0.008,0.017,
1902,8,0.002,0.014,
1902,9,0.010,0.041,
1902,10,0.019,0.057,
1902,11,0.163,0.063,
1902,12,0.088,0.064,
1903,1,0.035,0.090,
1903,2,0.013,0.083,
1903,3,0.153,0.121,
1903,4,0.128,0.146,
1903,5,0.275,0.161,
1903,6,0.162,0.129,
1903,7,0.085,0.110,
1903,8,-0.004,0.067,
1903,9,0.030,0.056,
1903,10,0.060,0.034,
1903,11,0.109,0.041,
1903,12,-0.024,0.056,
1904,1,0.030,0.059,
1904,2,0.108,0.048,
1904,3,0.072,0.076,
1904,4,0.052,0.092,
1904,5,0.118,0.072,
1904,6,0.108,0.043,
1904,7,0.010,0.036,
1904,8,-0.073,0.044,
1904,9,0.016,0.033,
1904,10,0.159,0.031,
1904,11,0.052,0.031,
1904,12,0.004,0.036,
1905,1,-0.073,0.026,
1905,2,0.041,0.011,
1905,3,0.106,0.011,
1905,4,-0.020,0.036,
1905,5,-0.000,0.027,
1905,6,0.055,0.040,
1905,7,-0.007,0.046,
1905,8,0.171,0.055,
1905,9,0.011,0.055,
1905,10,0.046,0.072,
1905,11,0.052,0.054,
1905,12,0.081,0.088,
1906,1,0.080,0.089,
1906,2,0.182,0.078,
1906,3,0.051,0.085,
1906,4,-0.004,0.088,
1906,5,0.114,0.070,
1906,6,0.097,0.054,
1906,7,0.090,0.056,
1906,8,-0.029,0.049,
1906,9,0.008,0.033,
1906,10,0.080,0.022,
1906,11,0.014,0.034,
1906,12,0.036,0.044,
1907,1,0.032,0.035,
1907,2,0.058,0.060,
1907,3,0.034,0.057,
1907,4,0.143,0.053,
1907,5,0.016,0.036,
1907,6,0.016,0.013,
1907,7,-0.031,-0.060,
1907,8,-0.077,-0.075,
1907,9,-0.223,-0.092,
1907,10,-0.059,-0.103,
1907,11,-0.068,-0.113,
1907,12,-0.088,-0.089,
1908,1,-0.126,-0.087,
1908,2,-0.103,-0.064,
1908,3,-0.050,-0.057,
1908,4,0.046,-0.004,
1908,5,-0.050,0.050,
1908,6,0.136,0.074,
1908,7,0.168,0.096,
1908,8,0.071,0.147,
1908,9,0.156,0.123,
1908,10,0.206,0.084,
1908,11,0.012,0.095,
1908,12,-0.027,0.034,
1909,1,0.128,-0.022,
1909,2,-0.151,-0.030,
1909,3,-0.073,-0.016,
1909,4,-0.029,-0.045,
1909,5,0.043,0.003,
1909,6,-0.013,0.045,
1909,7,0.090,0.079,
1909,8,0.132,0.067,
1909,9,0.141,0.080,
1909,10,-0.018,0.060,
1909,11,0.055,0.022,
1909,12,-0.011,-0.018,
1910,1,-0.060,-0.002,
1910,2,-0.055,-0.022,
1910,3,0.058,-0.042,
1910,4,-0.043,-0.045,
1910,5,-0.113,-0.051,
1910,6,-0.073,-0.064,
1910,7,-0.083,-0.060,
1910,8,-0.007,-0.047,
1910,9,-0.023,-0.029,
1910,10,-0.047,-0.025,
1910,11,0.014,-0.039,
1910,12,-0.062,-0.032,
1911,1,-0.075,-0.022,
1911,2,0.010,-0.013,
1911,3,0.004,0.010,
1911,4,0.060,0.023,
1911,5,0.050,0.001,
1911,6,-0.008,-0.006,
1911,7,-0.101,-0.040,
1911,8,-0.031,-0.071,
1911,9,-0.110,-0.066,
1911,10,-0.104,-0.036,
1911,11,0.018,-0.016,
1911,12,0.049,0.003,
1912,1,0.070,0.029,
1912,2,-0.018,0.011,
1912,3,0.029,-0.012,
1912,4,-0.073,-0.008,
1912,5,-0.068,0.018,
1912,6,0.090,-0.017,
1912,7,0.111,-0.019,
1912,8,-0.146,0.006,
1912,9,-0.082,-0.012,
1912,10,0.057,-0.043,
1912,11,0.000,-0.016,
1912,12,-0.045,0.027,
1913,1,-0.013,0.021,
1913,2,0.133,0.038,
1913,3,0.029,0.053,
1913,4,0.084,0.058,
1913,5,0.031,0.024,
1913,6,0.011,0.025,
1913,7,-0.036,0.004,
1913,8,0.034,-0.041,
1913,9,-0.021,-0.071,
1913,10,-0.192,-0.074,
1913,11,-0.140,-0.079,
1913,12,-0.053,-0.070,
1914,1,0.010,-0.048,
1914,2,0.024,-0.023,
1914,3,-0.082,-0.014,
1914,4,-0.016,-0.002,
1914,5,-0.006,0.006,
1914,6,0.070,0.016,
1914,7,0.066,0.026,
1914,8,-0.032,0.010,
1914,9,0.029,-0.015,
1914,10,-0.081,0.004,
1914,11,-0.059,0.019,
1914,12,0.164,0.037,
1915,1,0.044,0.071,
1915,2,0.120,0.091,
1915,3,0.089,0.053,
1915,4,0.039,0.060,
1915,5,-0.026,0.040,
1915,6,0.077,0.008,
1915,7,0.021,-0.005,
1915,8,-0.070,-0.008,
1915,9,-0.025,-0.041,
1915,10,-0.043,-0.062,
1915,11,-0.086,-0.054,
1915,12,-0.086,-0.056,
1916,1,-0.031,-0.068,
1916,2,-0.033,-0.057,
1916,3,-0.102,-0.042,
1916,4,-0.033,-0.052,
1916,5,-0.010,-0.059,
1916,6,-0.084,-0.052,
1916,7,-0.066,-0.048,
1916,8,-0.067,-0.035,
1916,9,-0.014,-0.032,
1916,10,0.054,-0.048,
1916,11,-0.067,-0.057,
1916,12,-0.149,-0.091,
1917,1,-0.110,-0.118,
1917,2,-0.184,-0.112,
1917,3,-0.080,-0.101,
1917,4,-0.038,-0.096,
1917,5,-0.094,-0.082,
1917,6,-0.083,-0.076,
1917,7,-0.115,-0.066,
1917,8,-0.048,-0.070,
1917,9,0.010,-0.066,
1917,10,-0.115,-0.039,
1917,11,-0.063,-0.054,
1917,12,0.023,-0.083,
1918,1,-0.127,-0.074,
1918,2,-0.131,-0.061,
1918,3,-0.073,-0.088,
1918,4,0.003,-0.065,
1918,5,-0.113,-0.038,
1918,6,-0.012,-0.030,
1918,7,0.005,-0.037,
1918,8,-0.034,-0.025,
1918,9,-0.029,-0.019,
1918,10,-0.053,-0.011,
1918,11,0.017,0.005,
1918,12,0.045,0.023,
1919,1,0.045,0.059,
1919,2,0.061,0.082,
1919,3,0.126,0.070,
1919,4,0.131,0.089,
1919,5,-0.011,0.097,
1919,6,0.138,0.059,
1919,7,0.101,0.026,
1919,8,-0.061,0.012,
1919,9,-0.037,0.002,
1919,10,-0.078,-0.005,
1919,11,0.084,-0.000,
1919,12,0.067,0.022,
1920,1,-0.038,0.005,
1920,2,0.071,-0.029,
1920,3,-0.159,-0.025,
1920,4,-0.088,-0.017,
1920,5,0.091,-0.040,
1920,6,0.001,-0.017,
1920,7,-0.045,-0.008,
1920,8,-0.046,-0.031,
1920,9,-0.043,-0.037,
1920,10,-0.025,-0.034,
1920,11,-0.028,-0.013,
1920,12,-0.030,0.009,
1921,1,0.058,0.027,
1921,2,0.072,0.041,
1921,3,0.060,0.066,
1921,4,0.044,0.079,
1921,5,0.094,0.069,
1921,6,0.124,0.059,
1921,7,0.020,0.035,
1921,8,0.013,0.016,
1921,9,-0.078,-0.026,
1921,10,0.001,-0.027,
1921,11,-0.084,-0.033,
1921,12,0.014,-0.016,
1922,1,-0.017,-0.018,
1922,2,0.006,-0.012,
1922,3,-0.009,-0.016,
1922,4,-0.053,-0.017,
1922,5,-0.006,-0.030,
1922,6,-0.024,-0.040,
1922,7,-0.059,-0.022,
1922,8,-0.059,-0.027,
1922,9,0.039,-0.030,
1922,10,-0.029,-0.033,
1922,11,-0.041,-0.028,
1922,12,-0.073,-0.035,
1923,1,-0.035,-0.039,
1923,2,0.006,-0.024,
1923,3,-0.051,-0.000,
1923,4,0.033,-0.004,
1923,5,0.047,-0.000,
1923,6,-0.057,-0.027,
1923,7,0.028,-0.063,
1923,8,-0.187,-0.079,
1923,9,-0.143,-0.069,
1923,10,-0.035,-0.091,
1923,11,-0.007,-0.068,
1923,12,-0.085,-0.039,
1924,1,-0.071,-0.037,
1924,2,0.004,-0.056,
1924,3,-0.029,-0.067,
1924,4,-0.100,-0.074,
1924,5,-0.138,
1924,6,-0.105,
1938,11,0.093,
1938,12,0.018,
1939,1,-0.059,-0.011,
1939,2,-0.088,-0.047,
1939,3,-0.021,-0.048,
1939,4,-0.085,-0.047,
1939,5,0.013,-0.023,
1939,6,-0.054,-0.029,
1939,7,0.030,-0.007,
1939,8,-0.052,-0.016,
1939,9,0.027,-0.003,
1939,10,-0.031,-0.026,
1939,11,0.009,-0.035,
1939,12,-0.085,-0.060,
1940,1,-0.095,-0.061,
1940,2,-0.099,-0.083,
1940,3,-0.032,-0.079,
1940,4,-0.103,-0.084,
1940,5,-0.065,-0.065,
1940,6,-0.123,-0.036,
1940,7,-0.002,-0.002,
1940,8,0.114,0.005,
1940,9,0.065,0.019,
1940,10,-0.027,0.021,
1940,11,-0.054,0.016,
1940,12,0.008,0.006,
1941,1,0.089,-0.006,
1941,2,0.017,0.005,
1941,3,-0.089,-0.018,
1941,4,-0.002,-0.048,
1941,5,-0.104,-0.069,
1941,6,-0.061,-0.070,
1941,7,-0.086,-0.077,
1941,8,-0.097,-0.078,
1941,9,-0.038,-0.071,
1941,10,-0.109,-0.060,
1941,11,-0.027,-0.041,
1941,12,-0.032,-0.023,
1942,1,-0.002,-0.028,
1942,2,0.052,-0.019,
1942,3,-0.131,-0.016,
1942,4,0.015,-0.022,
1942,5,-0.014,-0.042,
1942,6,-0.033,-0.021,
1942,7,-0.047,-0.039,
1942,8,-0.028,-0.033,
1942,9,-0.074,-0.036,
1942,10,0.014,-0.045,
1942,11,-0.044,-0.052,
1942,12,-0.092,-0.061,
1943,1,-0.065,-0.059,
1943,2,-0.118,-0.051,
1943,3,0.022,-0.034,
1943,4,-0.000,-0.031,
1943,5,-0.008,-0.017,
1943,6,-0.051,-0.018,
1943,7,-0.046,-0.012,
1943,8,0.015,-0.006,
1943,9,0.027,-0.006,
1943,10,0.027,-0.002,
1943,11,-0.052,0.009,
1943,12,-0.024,0.003,
1944,1,0.070,0.006,
1944,2,-0.007,0.029,
1944,3,0.042,0.049,
1944,4,0.064,0.053,
1944,5,0.075,0.086,
1944,6,0.091,0.087,
1944,7,0.160,0.069,
1944,8,0.044,0.057,
1944,9,-0.024,0.048,
1944,10,0.016,0.008,
1944,11,0.046,0.000,
1944,12,-0.039,-0.006,
1945,1,0.004,-0.022,
1945,2,-0.056,-0.022,
1945,3,-0.064,-0.026,
1945,4,0.047,-0.037,
1945,5,-0.061,-0.022,
1945,6,-0.049,-0.006,
1945,7,0.017,-0.030,
1945,8,0.016,-0.003,
1945,9,-0.071,0.009,
1945,10,0.071,0.021,
1945,11,0.013,0.023,
1945,12,0.075,0.025,
1946,1,0.025,0.019,
1946,2,-0.061,0.026,
1946,3,0.040,0.006,
1946,4,0.048,-0.010,
1946,5,-0.020,0.002,
1946,6,-0.058,-0.017,
1946,7,-0.001,-0.016,
1946,8,-0.053,0.010,
1946,9,0.051,0.050,
1946,10,0.108,0.068,
1946,11,0.142,0.087,
1946,12,0.094,0.062,
1947,1,0.042,0.030,
1947,2,-0.075,-0.004,
1947,3,-0.051,-0.034,
1947,4,-0.027,-0.029,
1947,5,-0.060,-0.011,
1947,6,0.068,-0.005,
1947,7,0.015,0.014,
1947,8,-0.021,0.044,
1947,9,0.070,0.071,
1947,10,0.088,0.111,
1947,11,0.204,0.143,
1947,12,0.217,0.160,
1948,1,0.137,0.170,
1948,2,0.153,0.164,
1948,3,0.139,0.134,
1948,4,0.174,0.117,
1948,5,0.066,0.090,
1948,6,0.054,0.074,
1948,7,0.017,0.070,
1948,8,0.062,0.079,
1948,9,0.153,0.075,
1948,10,0.112,0.083,
1948,11,0.033,0.067,
1948,12,0.053,0.052,
1949,1,-0.015,0.032,
1949,2,0.075,0.021,
1949,3,0.012,0.023,
1949,4,-0.020,0.043,
1949,5,0.061,0.044,
1949,6,0.085,0.038,
1949,7,0.081,0.049,
1949,8,-0.020,0.056,
1949,9,0.038,0.020,
1949,10,0.095,0.020,
1949,11,-0.097,0.019,
1949,12,0.081,0.019,
1950,1,-0.023,-0.004,
1950,2,0.037,0.015,
1950,3,-0.018,-0.003,
1950,4,-0.003,-0.014,
1950,5,-0.009,-0.049,
1950,6,-0.076,-0.034,
1950,7,-0.138,-0.026,
1950,8,0.054,-0.015,
1950,9,0.036,-0.030,
1950,10,0.050,-0.008,
1950,11,-0.150,-0.025,
1950,12,-0.028,-0.035,
1951,1,-0.032,-0.040,
1951,2,-0.014,-0.018,
1951,3,0.023,-0.015,
1951,4,-0.037,-0.012,
1951,5,-0.017,-0.021,
1951,6,-0.014,-0.031,
1951,7,-0.061,-0.040,
1951,8,-0.027,-0.012,
1951,9,-0.082,-0.007,
1951,10,0.125,0.009,
1951,11,0.009,0.016,
1951,12,0.022,0.041,
1952,1,0.006,0.021,
1952,2,0.044,0.011,
1952,3,0.027,0.006,
1952,4,-0.042,-0.018,
1952,5,-0.004,-0.021,
1952,6,-0.113,-0.031,
1952,7,0.026,-0.009,
1952,8,-0.021,-0.003,
1952,9,0.068,0.003,
1952,10,0.027,0.003,
1952,11,-0.085,-0.013,
1952,12,0.025,-0.049,
1953,1,-0.101,-0.066,
1953,2,-0.111,-0.062,
1953,3,-0.059,-0.094,
1953,4,-0.065,-0.073,
1953,5,-0.134,-0.041,
1953,6,0.006,-0.019,
1953,7,0.044,0.008,
1953,8,0.056,0.052,
1953,9,0.068,0.056,
1953,10,0.083,0.048,
1953,11,0.028,0.039,
1953,12,0.002,0.031,
1954,1,0.016,0.001,
1954,2,0.025,0.008,
1954,3,-0.067,0.020,
1954,4,0.064,0.034,
1954,5,0.061,0.037,
1954,6,0.086,0.041,
1954,7,0.039,0.013,
1954,8,-0.043,-0.014,
1954,9,-0.077,-0.045,
1954,10,-0.077,-0.076,
1954,11,-0.068,-0.062,
1954,12,-0.116,-0.045,
1955,1,0.027,-0.046,
1955,2,0.010,-0.036,
1955,3,-0.084,-0.003,
1955,4,-0.018,-0.003,
1955,5,0.050,0.000,
1955,6,0.029,0.040,
1955,7,0.025,0.043,
1955,8,0.113,0.031,
1955,9,-0.000,0.001,
1955,10,-0.009,-0.002,
1955,11,-0.122,-0.014,
1955,12,0.009,-0.027,
1956,1,0.054,-0.041,
1956,2,-0.069,-0.033,
1956,3,-0.077,-0.037,
1956,4,-0.081,-0.058,
1956,5,-0.010,-0.076,
1956,6,-0.053,-0.067,
1956,7,-0.157,-0.063,
1956,8,-0.033,-0.046,
1956,9,-0.061,-0.033,
1956,10,0.073,-0.028,
1956,11,0.012,-0.038,
1956,12,-0.133,-0.016,
1957,1,-0.082,-0.018,
1957,2,0.051,-0.031,
1957,3,0.060,0.002,
1957,4,-0.050,0.018,
1957,5,0.031,0.027,
1957,6,0.000,0.048,
1957,7,0.096,0.050,
1957,8,0.163,0.065,
1957,9,-0.038,0.075,
1957,10,0.105,0.049,
1957,11,0.050,0.028,
1957,12,-0.034,-0.007,
1958,1,0.056,-0.021,
1958,2,-0.213,-0.016,
1958,3,0.037,-0.023,
1958,4,0.073,-0.040,
1958,5,-0.066,-0.010,
1958,6,-0.030,-0.030,
1958,7,-0.064,-0.055,
1958,8,-0.061,-0.027,
1958,9,-0.056,-0.034,
1958,10,0.075,-0.015,
1958,11,-0.065,-0.003,
1958,12,0.031,0.005,
1959,1,0.002,-0.018,
1959,2,-0.018,-0.014,
1959,3,-0.038,-0.032,
1959,4,-0.046,-0.024,
1959,5,-0.062,-0.011,
1959,6,0.044,-0.016,
1959,7,0.046,-0.012,
1959,8,-0.063,-0.011,
1959,9,-0.024,-0.004,
1959,10,-0.059,-0.000,
1959,11,0.078,0.031,
1959,12,0.067,0.037,
1960,1,0.094,0.059,
1960,2,0.001,0.044,
1960,3,0.054,0.034,
1960,4,0.004,0.029,
1960,5,0.015,0.045,
1960,6,0.072,0.046,
1960,7,0.080,0.065,
1960,8,0.059,0.062,
1960,9,0.098,0.038,
1960,10,-0.003,0.026,
1960,11,-0.045,0.012,
1960,12,0.020,-0.016,
1961,1,-0.009,-0.013,
1961,2,-0.043,-0.022,
1961,3,0.012,-0.029,
1961,4,-0.092,-0.051,
1961,5,-0.015,-0.058,
1961,6,-0.116,-0.067,
1961,7,-0.081,-0.052,
1961,8,-0.032,-0.056,
1961,9,-0.017,-0.030,
1961,10,-0.032,-0.028,
1961,11,0.010,-0.048,
1961,12,-0.071,-0.039,
1962,1,-0.130,-0.005,
1962,2,0.031,-0.022,
1962,3,0.135,-0.001,
1962,4,-0.077,0.036,
1962,5,0.037,0.043,
1962,6,0.056,0.026,
1962,7,0.064,0.042,
1962,8,0.051,0.028,
1962,9,0.002,0.017,
1962,10,-0.031,0.003,
1962,11,-0.001,0.000,
1962,12,-0.003,0.003,
1963,1,0.036,-0.018,
1963,2,0.016,-0.032,
1963,3,-0.139,-0.032,
1963,4,-0.067,-0.059,
1963,5,-0.007,-0.076,
1963,6,-0.096,-0.063,
1963,7,-0.069,-0.028,
1963,8,-0.076,-0.020,
1963,9,0.110,-0.021,
1963,10,0.033,-0.023,
1963,11,-0.101,-0.032,
1963,12,-0.082,-0.083,
1964,1,-0.119,-0.106,
1964,2,-0.145,-0.106,
1964,3,-0.084,-0.081,
1964,4,-0.102,-0.060,
1964,5,0.046,-0.055,
1964,6,-0.013,-0.046,
1964,7,-0.121,-0.009,
1964,8,-0.039,-0.021,
1964,9,0.083,-0.025,
1964,10,-0.015,-0.007,
1964,11,-0.036,-0.002,
1964,12,-0.029,-0.020,
1965,1,-0.015,-0.028,
1965,2,-0.003,-0.011,
1965,3,-0.055,-0.037,
1965,4,0.045,-0.056,
1965,5,-0.156,-0.065,
1965,6,-0.110,-0.082,
1965,7,-0.050,-0.088,
1965,8,-0.141,-0.072,
1965,9,0.017,-0.053,
1965,10,-0.078,-0.040,
1965,11,-0.014,0.000,
1965,12,0.015,-0.012,
1966,1,0.063,0.004,
1966,2,-0.045,-0.006,
1966,3,0.001,-0.003,
1966,4,-0.065,0.000,
1966,5,0.034,0.018,
1966,6,0.077,0.007,
1966,7,0.043,-0.000,
1966,8,-0.052,-0.030,
1966,9,-0.101,-0.058,
1966,10,-0.118,-0.066,
1966,11,-0.063,-0.056,
1966,12,0.003,-0.044,
1967,1,-0.004,-0.030,
1967,2,-0.039,-0.012,
1967,3,-0.050,-0.016,
1967,4,0.028,0.015,
1967,5,-0.016,0.003,
1967,6,0.153,0.006,
1967,7,-0.097,0.017,
1967,8,-0.037,-0.000,
1967,9,0.082,-0.045,
1967,10,-0.104,-0.028,
1967,11,-0.071,-0.008,
1967,12,-0.009,-0.013,
1968,1,0.061,-0.019,
1968,2,0.057,-0.011,
1968,3,-0.135,-0.028,
1968,4,-0.029,-0.047,
1968,5,-0.095,-0.068,
1968,6,-0.032,-0.040,
1968,7,-0.048,-0.030,
1968,8,0.004,-0.019,
1968,9,0.022,-0.043,
1968,10,-0.042,-0.054,
1968,11,-0.149,-0.058,
1968,12,-0.105,-0.050,
1969,1,-0.018,-0.049,
1969,2,0.067,-0.032,
1969,3,-0.037,-0.016,
1969,4,-0.069,-0.012,
1969,5,-0.024,-0.031,
1969,6,0.003,-0.016,
1969,7,-0.028,0.014,
1969,8,0.039,0.036,
1969,9,0.078,0.032,
1969,10,0.090,0.024,
1969,11,-0.017,0.008,
1969,12,-0.067,-0.029,
1970,1,-0.041,-0.057,
1970,2,-0.110,-0.053,
1970,3,-0.051,-0.050,
1970,4,0.005,-0.041,
1970,5,-0.051,-0.027,
1970,6,0.004,-0.027,
1970,7,-0.040,-0.048,
1970,8,-0.053,-0.031,
1970,9,-0.101,-0.047,
1970,10,0.035,-0.034,
1970,11,-0.078,-0.033,
1970,12,0.027,-0.043,
1971,1,-0.050,-0.068,
1971,2,-0.149,-0.065,
1971,3,-0.090,-0.084,
1971,4,-0.064,-0.086,
1971,5,-0.068,-0.065,
1971,6,-0.060,-0.044,
1971,7,-0.043,-0.031,
1971,8,0.012,-0.010,
1971,9,0.003,0.026,
1971,10,0.036,0.058,
1971,11,0.122,0.077,
1971,12,0.116,0.086,
1972,1,0.106,0.074,
1972,2,0.051,0.051,
1972,3,-0.025,0.060,
1972,4,0.008,0.061,
1972,5,0.158,0.056,
1972,6,0.112,0.068,
1972,7,0.026,0.064,
1972,8,0.035,0.038,
1972,9,-0.014,0.033,
1972,10,0.031,0.030,
1972,11,0.086,0.048,
1972,12,0.011,0.084,
1973,1,0.126,0.102,
1973,2,0.167,0.093,
1973,3,0.122,0.080,
1973,4,0.038,0.042,
1973,5,-0.055,0.018,
1973,6,-0.061,0.001,
1973,7,0.045,-0.004,
1973,8,0.039,0.027,
1973,9,0.011,0.042,
1973,10,0.102,0.023,
1973,11,0.014,0.016,
1973,12,-0.050,0.018,
1974,1,0.002,-0.007,
1974,2,0.024,-0.020,
1974,3,-0.026,-0.009,
1974,4,-0.049,0.005,
1974,5,0.004,0.018,
1974,6,0.071,0.038,
1974,7,0.092,0.056,
1974,8,0.075,0.062,
1974,9,0.039,0.042,
1974,10,0.035,0.015,
1974,11,-0.029,-0.009,
1974,12,-0.046,0.002,
1975,1,-0.044,-0.004,
1975,2,0.095,0.011,
1975,3,0.004,0.040,
1975,4,0.043,0.069,
1975,5,0.100,0.062,
1975,6,0.105,0.062,
1975,7,0.058,0.046,
1975,8,0.003,0.025,
1975,9,-0.037,-0.003,
1975,10,-0.003,-0.008,
1975,11,-0.037,-0.026,
1975,12,0.034,-0.054,
1976,1,-0.089,-0.063,
1976,2,-0.175,-0.056,
1976,3,-0.050,-0.072,
1976,4,0.002,-0.044,
1976,5,-0.046,-0.015,
1976,6,0.048,0.004,
1976,7,-0.029,-0.013,
1976,8,0.044,-0.025,
1976,9,-0.081,-0.059,
1976,10,-0.109,-0.057,
1976,11,-0.118,-0.086,
1976,12,-0.019,-0.093,
1977,1,-0.100,-0.070,
1977,2,-0.120,-0.063,
1977,3,0.009,-0.053,
1977,4,-0.084,-0.030,
1977,5,0.031,-0.015,
1977,6,0.012,-0.017,
1977,7,-0.043,-0.020,
1977,8,0.002,-0.058,
1977,9,-0.099,-0.058,
1977,10,-0.161,-0.053,
1977,11,0.013,-0.080,
1977,12,-0.019,-0.058,
1978,1,-0.133,-0.026,
1978,2,0.009,-0.036,
1978,3,-0.002,-0.045,
1978,4,-0.034,-0.026,
1978,5,-0.063,-0.032,
1978,6,-0.042,-0.043,
1978,7,-0.019,-0.037,
1978,8,-0.056,-0.023,
1978,9,-0.007,0.004,
1978,10,0.008,-0.006,
1978,11,0.090,-0.028,
1978,12,-0.067,-0.039,
1979,1,-0.166,-0.061,
1979,2,-0.060,-0.093,
1979,3,-0.105,-0.098,
1979,4,-0.069,-0.056,
1979,5,-0.093,-0.037,
1979,6,0.044,-0.025,
1979,7,0.037,-0.025,
1979,8,-0.045,-0.037,
1979,9,-0.067,-0.064,
1979,10,-0.153,-0.066,
1979,11,-0.092,-0.037,
1979,12,0.028,-0.012,
1980,1,0.098,0.012,
1980,2,0.060,0.027,
1980,3,-0.031,0.023,
1980,4,-0.021,-0.000,
1980,5,0.009,-0.022,
1980,6,-0.019,-0.039,
1980,7,-0.050,-0.060,
1980,8,-0.114,-0.098,
1980,9,-0.124,-0.114,
1980,10,-0.182,-0.103,
1980,11,-0.097,-0.093,
1980,12,0.005,-0.079,
1981,1,-0.066,-0.059,
1981,2,-0.056,-0.058,
1981,3,-0.079,-0.064,
1981,4,-0.093,-0.084,
1981,5,-0.024,-0.076,
1981,6,-0.170,-0.059,
1981,7,-0.013,-0.062,
1981,8,0.004,-0.085,
1981,9,-0.105,-0.049,
1981,10,-0.139,-0.067,
1981,11,0.007,-0.100,
1981,12,-0.102,-0.092,
1982,1,-0.160,-0.061,
1982,2,-0.067,-0.073,
1982,3,0.016,-0.068,
1982,4,-0.055,-0.040,
1982,5,-0.075,-0.034,
1982,6,-0.021,-0.049,
1982,7,-0.037,-0.052,
1982,8,-0.055,-0.039,
1982,9,-0.071,-0.023,
1982,10,-0.010,0.001,
1982,11,0.057,0.049,
1982,12,0.082,0.090,
1983,1,0.185,0.110,
1983,2,0.135,0.102,
1983,3,0.093,0.071,
1983,4,0.013,0.047,
1983,5,-0.072,0.033,
1983,6,0.066,0.010,
1983,7,0.065,0.001,
1983,8,-0.024,0.017,
1983,9,-0.030,0.000,
1983,10,0.009,-0.021,
1983,11,-0.018,0.007,
1983,12,-0.039,-0.001,
1984,1,0.116,-0.008,
1984,2,-0.071,-0.001,
1984,3,-0.028,-0.014,
1984,4,0.016,-0.045,
1984,5,-0.104,-0.049,
1984,6,-0.040,-0.058,
1984,7,-0.090,-0.059,
1984,8,-0.072,-0.038,
1984,9,0.010,-0.008,
1984,10,0.004,0.020,
1984,11,0.108,0.029,
1984,12,0.050,0.013,
1985,1,-0.027,0.012,
1985,2,-0.071,-0.022,
1985,3,-0.000,-0.026,
1985,4,-0.065,-0.036,
1985,5,0.031,-0.016,
1985,6,-0.077,0.007,
1985,7,0.030,0.037,
1985,8,0.117,0.053,
1985,9,0.081,0.063,
1985,10,0.111,0.043,
1985,11,-0.026,0.023,
1985,12,-0.071,0.011,
1986,1,0.017,-0.018,
1986,2,0.022,-0.000,
1986,3,-0.033,0.026,
1986,4,0.064,0.039,
1986,5,0.060,0.031,
1986,6,0.080,0.030,
1986,7,-0.016,0.005,
1986,8,-0.040,-0.027,
1986,9,-0.059,-0.037,
1986,10,-0.099,-0.002,
1986,11,0.027,0.019,
1986,12,0.159,0.063,
1987,1,0.069,0.117,
1987,2,0.160,0.103,
1987,3,0.169,0.073,
1987,4,-0.039,0.038,
1987,5,0.008,0.007,
1987,6,-0.108,-0.033,
1987,7,0.007,-0.054,
1987,8,-0.033,-0.067,
1987,9,-0.143,-0.046,
1987,10,-0.055,-0.068,
1987,11,-0.003,-0.061,
1987,12,-0.105,-0.034,
1988,1,-0.000,-0.035,
1988,2,-0.005,-0.036,
1988,3,-0.061,-0.023,
1988,4,-0.011,-0.019,
1988,5,-0.040,-0.025,
1988,6,0.024,-0.024,
1988,7,-0.038,-0.032,
1988,8,-0.053,-0.026,
1988,9,-0.054,-0.050,
1988,10,-0.009,-0.047,
1988,11,-0.094,-0.025,
1988,12,-0.023,-0.018,
1989,1,0.052,-0.003,
1989,2,-0.019,0.004,
1989,3,0.068,-0.008,
1989,4,-0.056,-0.051,
1989,5,-0.085,-0.058,
1989,6,-0.162,-0.072,
1989,7,-0.056,-0.062,
1989,8,-0.001,-0.061,
1989,9,-0.008,-0.058,
1989,10,-0.078,-0.079,
1989,11,-0.148,-0.110,
1989,12,-0.159,-0.120,
1990,1,-0.160,-0.088,
1990,2,-0.054,-0.061,
1990,3,0.080,-0.038,
1990,4,-0.012,-0.004,
1990,5,-0.045,0.016,
1990,6,0.013,0.009,
1990,7,0.042,0.006,
1990,8,0.045,-0.002,
1990,9,-0.028,-0.004,
1990,10,-0.080,-0.009,
1990,11,0.002,0.013,
1990,12,0.016,0.020,
1991,1,0.158,0.047,
1991,2,0.005,0.055,
1991,3,0.057,0.067,
1991,4,0.040,0.063,
1991,5,0.075,0.079,
1991,6,0.139,0.075,
1991,7,0.083,0.088,
1991,8,0.037,0.088,
1991,9,0.107,0.054,
1991,10,0.073,0.030,
1991,11,-0.030,0.051,
1991,12,-0.035,0.044,
1992,1,0.141,0.017,
1992,2,0.072,0.031,
1992,3,-0.061,0.056,
1992,4,0.038,0.052,
1992,5,0.091,0.034,
1992,6,0.122,0.042,
1992,7,-0.019,0.039,
1992,8,-0.021,0.032,
1992,9,0.023,0.016,
1992,10,0.055,0.019,
1992,11,0.040,0.059,
1992,12,-0.005,0.085,
1993,1,0.183,0.063,
1993,2,0.149,0.055,
1993,3,-0.055,0.051,
1993,4,0.002,0.008,
1993,5,-0.023,-0.027,
1993,6,-0.031,-0.015,
1993,7,-0.029,-0.040,
1993,8,0.008,-0.040,
1993,9,-0.126,-0.032,
1993,10,-0.023,-0.026,
1993,11,0.011,-0.042,
1993,12,-0.001,-0.007,
1994,1,-0.072,-0.014,
1994,2,0.050,-0.005,
1994,3,-0.059,0.017,
1994,4,0.057,0.012,
1994,5,0.108,-0.025,
1994,6,-0.095,-0.017,
1994,7,-0.135,-0.039,
1994,8,-0.018,-0.045,
1994,9,-0.056,-0.019,
1994,10,0.080,0.058,
1994,11,0.034,
1994,12,0.252,
1995,3,0.111,
1995,4,0.074,
1995,5,0.054,
1995,6,0.032,
1996,3,-0.033,
1996,4,-0.104,
1996,5,-0.062,-0.069,
1996,6,-0.044,
1996,7,-0.103,
1997,1,-0.031,
1997,2,0.009,
1997,3,-0.020,-0.001,
1997,4,0.069,0.020,
1997,5,-0.032,0.029,
1997,6,0.075,0.052,
1997,7,0.050,0.033,
1997,8,0.095,0.020,
1997,9,-0.025,-0.023,
1997,10,-0.096,-0.040,
1997,11,-0.137,-0.056,
1997,12,-0.035,-0.018,
1998,1,0.014,0.007,
1998,2,0.167,0.035,
1998,3,0.029,0.048,
1998,4,0.001,0.025,
1998,5,0.029,-0.021,
1998,6,-0.101,-0.025,
1998,7,-0.064,-0.050,
1998,8,0.011,-0.079,
1998,9,-0.123,-0.081,
1998,10,-0.117,-0.064,
1998,11,-0.111,-0.061,
1998,12,0.023,-0.010,
1999,1,0.025,0.017,
1999,2,0.131,0.039,
1999,3,0.017,0.045,
1999,4,-0.002,0.044,
1999,5,0.056,0.017,
1999,6,0.020,0.027,
1999,7,-0.003,0.047,
1999,8,0.062,0.040,
1999,9,0.099,0.029,
1999,10,0.022,0.033,
1999,11,-0.034,0.022,
1999,12,0.017,-0.011,
2000,1,0.003,-0.014,
2000,2,-0.066,-0.015,
2000,3,0.009,-0.028,
2000,4,-0.037,-0.043,
2000,5,-0.050,-0.015,
2000,6,-0.072,-0.003,
2000,7,0.074,0.008,
2000,8,0.068,0.020,
2000,9,0.019,0.031,
2000,10,0.012,0.010,
2000,11,-0.019,-0.023,
2000,12,-0.033,-0.046,
2001,1,-0.093,-0.051,
2001,2,-0.096,-0.066,
2001,3,-0.015,-0.059,
2001,4,-0.095,-0.059,
2001,5,0.005,-0.030,
2001,6,-0.093,-0.033,
2001,7,0.045,-0.006,
2001,8,-0.025,-0.010,
2001,9,0.036,0.013,
2001,10,-0.014,0.007,
2001,11,0.024,-0.013,
2001,12,0.015,-0.021,
2002,1,-0.126,-0.023,
2002,2,-0.004,-0.022,
2002,3,-0.025,-0.022,
2002,4,0.030,0.017,
2002,5,0.015,0.017,
2002,6,0.067,0.043,
2002,7,-0.003,0.039,
2002,8,0.106,0.040,
2002,9,0.011,0.005,
2002,10,0.019,-0.008,
2002,11,-0.104,-0.053,
2002,12,-0.068,-0.072,
2003,1,-0.122,-0.052,
2003,2,-0.082,-0.014,
2003,3,0.118,0.000,
2003,4,0.084,0.010,
2003,5,0.005,-0.004,
2003,6,-0.076,-0.053,
2003,7,-0.148,-0.063,
2003,8,-0.128,-0.070,
2003,9,0.034,-0.051,
2003,10,-0.033,-0.026,
2003,11,0.020,-0.006,
2003,12,-0.022,-0.001,
2004,1,-0.030,-0.003,
2004,2,0.058,-0.033,
2004,3,-0.044,-0.058,
2004,4,-0.130,-0.073,
2004,5,-0.142,-0.088,
2004,6,-0.106,-0.084,
2004,7,-0.017,-0.055,
2004,8,-0.026,-0.032,
2004,9,0.014,-0.017,
2004,10,-0.026,-0.032,
2004,11,-0.031,-0.009,
2004,12,-0.089,0.008,
2005,1,0.087,0.004,
2005,2,0.100,0.016,
2005,3,-0.047,0.045,
2005,4,0.031,0.035,
2005,5,0.053,0.016,
2005,6,0.039,0.042,
2005,7,0.006,0.060,
2005,8,0.083,0.062,
2005,9,0.120,0.032,
2005,10,0.061,0.014,
2005,11,-0.107,-0.012,
2005,12,-0.084,-0.049,
2006,1,-0.051,-0.062,
2006,2,-0.064,-0.047,
2006,3,-0.001,-0.024,
2006,4,-0.036,-0.027,
2006,5,0.030,-0.026,
2006,6,-0.066,-0.032,
2006,7,-0.058,-0.036,
2006,8,-0.030,-0.073,
2006,9,-0.057,-0.073,
2006,10,-0.153,-0.070,
2006,11,-0.069,-0.072,
2006,12,-0.042,-0.078,
2007,1,-0.041,-0.056,
2007,2,-0.086,-0.046,
2007,3,-0.044,-0.014,
2007,4,-0.016,0.005,
2007,5,0.115,0.036,
2007,6,0.054,0.043,
2007,7,0.072,0.059,
2007,8,-0.009,0.041,
2007,9,0.062,0.025,
2007,10,0.026,0.002,
2007,11,-0.026,-0.004,
2007,12,-0.046,-0.041,
2008,1,-0.039,-0.069,
2008,2,-0.122,-0.052,
2008,3,-0.113,-0.048,
2008,4,0.058,-0.074,
2008,5,-0.025,-0.056,
2008,6,-0.169,-0.012,
2008,7,-0.033,0.000,
2008,8,0.107,0.005,
2008,9,0.120,0.030,
2008,10,0.001,0.000,
2008,11,-0.047,-0.055,
2008,12,-0.179,-0.116,
2009,1,-0.172,-0.123,
2009,2,-0.182,-0.129,
2009,3,-0.033,-0.095,
2009,4,-0.081,-0.051,
2009,5,-0.005,-0.015,
2009,6,0.047,-0.020,
2009,7,-0.001,0.022,
2009,8,-0.059,0.012,
2009,9,0.128,0.028,
2009,10,-0.056,0.050,
2009,11,0.129,0.058,
2009,12,0.112,0.040,
2010,1,-0.022,0.059,
2010,2,0.038,0.020,
2010,3,0.041,-0.021,
2010,4,-0.067,-0.043,
2010,5,-0.096,-0.058,
2010,6,-0.129,-0.060,
2010,7,-0.036,-0.056,
2010,8,0.027,-0.063,
2010,9,-0.047,-0.049,
2010,10,-0.132,-0.067,
2010,11,-0.055,-0.095,
2010,12,-0.131,-0.102,
2011,1,-0.110,-0.079,
2011,2,-0.082,-0.097,
2011,3,-0.019,-0.088,
2011,4,-0.143,-0.085,
2011,5,-0.085,-0.066,
2011,6,-0.097,-0.040,
2011,7,0.014,
2011,8,0.111,
2011,10,-0.083,
2011,11,-0.028,
2011,12,-0.024,-0.059,
2012,1,-0.159,-0.052,
2012,2,-0.000,-0.041,
2012,3,-0.049,-0.024,
2012,4,0.027,0.039,
2012,5,0.061,0.040,
2012,6,0.158,0.051,
2012,7,0.002,0.028,
2012,8,0.008,-0.000,
2012,9,-0.090,-0.012,
2012,10,-0.080,-0.012,
2012,11,0.099,-0.008,
2012,12,0.005,-0.000,
2013,1,0.028,0.019,
2013,2,-0.052,0.011,
2013,3,0.014,0.016,
2013,4,0.063,-0.011,
2013,5,0.028,-0.006,
2013,6,-0.106,0.000,
2013,7,-0.030,-0.015,
2013,8,0.046,-0.018,
2013,9,-0.010,0.011,
2013,10,0.010,0.015,
2013,11,0.043,0.006,
2013,12,-0.011,0.024,
2014,1,0.000,0.044,
2014,2,0.077,0.055,
2014,3,0.109,0.059,
2014,4,0.098,0.064,
2014,5,0.013,0.063,
2014,6,0.021,0.066,
2014,7,0.073,0.061,
2014,8,0.127,0.041,
2014,9,0.072,0.036,
2014,10,-0.090,0.042,
2014,11,-0.005,0.035,
2014,12,0.105,0.042,
2015,1,0.091,0.070,
2015,2,0.110,0.077,
2015,3,0.046,0.067,
2015,4,0.033,0.030,
2015,5,0.053,0.016,
2015,6,-0.093,0.017,
2015,7,0.039,0.019,
2015,8,0.052,0.030,
2015,9,0.042,0.069,
2015,10,0.110,0.091,
2015,11,0.103,0.106,
2015,12,0.150,0.103,
2016,1,0.127,0.091,
2016,2,0.026,0.095,
2016,3,0.049,0.069,
2016,4,0.124,0.060,
2016,5,0.020,0.048,
2016,6,0.083,0.035,
2016,7,-0.037,-0.009,
2016,8,-0.016,0.007,
2016,9,-0.094,0.007,
2016,10,0.102,0.024,
2016,11,0.080,0.016,
2016,12,0.050,0.027,
2017,1,-0.055,0.000,
2017,2,-0.040,-0.009,
2017,3,-0.032,-0.041,
2017,4,0.033,-0.029,
2017,5,-0.109,-0.022,
2017,6,0.002,-0.002,
2017,7,-0.005,0.020,
2017,8,0.070,0.047,
2017,9,0.143,0.053,
2017,10,0.024,0.052,
2017,11,0.033,0.033,
2017,12,-0.008,-0.000,
2018,1,-0.030,0.013,
2018,2,-0.023,0.003,
2018,3,0.093,-0.011,
2018,4,-0.015,-0.027,
2018,5,-0.082,-0.012,
2018,6,-0.109,-0.039,
2018,7,0.052,-0.048,
2018,8,-0.043,-0.053,
2018,9,-0.058,-0.023,
2018,10,-0.110,-0.023,
2018,11,0.045,-0.008,
2018,12,0.051,0.033,
2019,1,0.031,0.090,
2019,2,0.146,0.091,
2019,3,0.175,0.085,
2019,4,0.054,0.078,
2019,5,0.019,0.072,
2019,6,-0.004,0.053,
2019,7,0.114,0.059,
2019,8,0.083,0.062,
2019,9,0.083,0.096,
2019,10,0.035,0.091,
2019,11,0.166,0.088,
2019,12,0.090,0.080,
2020,1,0.065,0.083,
2020,2,0.045,0.064,
2020,3,0.051,0.049,
2020,4,0.070,0.048,
2020,5,0.016,0.057,
2020,6,0.057,0.060,
2020,7,0.090,0.064,
2020,8,0.067,0.074,
2020,9,0.092,0.087,
2020,10,0.064,0.067,
2020,11,0.121,0.057,
2020,12,-0.009,0.055,
2021,1,0.021,0.068,
2021,2,0.078,0.053,
2021,3,0.130,0.054,
2021,4,0.044,0.045,
2021,5,-0.001,0.042,
2021,6,-0.026,0.023,
2021,7,0.065,0.007,
2021,8,0.031,0.002,
2021,9,-0.035,0.037,
2021,10,-0.025,0.037,
2021,11,0.148,0.065,
2021,12,0.066,0.088,
2022,1,0.170,0.097,
2022,2,0.082,0.074,
2022,3,0.017,0.080,
2022,4,0.033,0.067,
2022,5,0.098,0.045,
2022,6,0.107,0.041,
2022,7,-0.031,0.055,
2022,8,-0.001,0.050,
2022,9,0.103,0.060,
2022,10,0.070,0.095,
2022,11,0.156,0.103,
2022,12,0.144,0.083,
2023,1,0.040,0.100,
2023,2,0.005,0.103,
2023,3,0.156,0.101,
2023,4,0.169,0.121,
2023,5,0.134,0.136,
2023,6,0.142,0.114,
2023,7,0.078,0.093,
2023,8,0.049,0.090,
2023,9,0.064,0.100,
2023,10,0.116,0.111,
2023,11,0.192,0.109,
2023,12,0.133,0.126,
2024,1,0.040,0.128,
2024,2,0.151,0.092,
2024,3,0.125,0.081,
2024,4,0.010,0.089,
2024,5,0.077,0.066,
2024,6,0.082,0.056,
2024,7,0.035,0.093,
2024,8,0.078,0.094,
2024,9,0.193,0.096,
2024,10,0.085,
2024,11,0.088,
