Interannual variation of monthly mean sea level and the 5-month centered average.
The values are in meters.  The average seasonal cycle and the relative sea level trend have been removed.
Column values are the Year; Month; Interannual Variation; and the 5-month centered average of the Interannual Variation.
Product of NOAAs National Ocean Service / Center for Operational Oceanographic Products and Services (CO-OPS)

Year, Month, Interannual_Variation, Five_Month_Average
1970,5,0.034,
1970,6,0.005,
1970,7,-0.021,0.012,
1970,8,0.034,0.015,
1970,9,0.007,0.012,
1970,10,0.052,0.023,
1970,11,-0.009,0.020,
1970,12,0.032,0.019,
1971,1,0.019,0.008,
1971,2,0.002,0.005,
1971,3,-0.004,-0.012,
1971,4,-0.025,-0.026,
1971,5,-0.055,-0.023,
1971,6,-0.050,-0.023,
1971,7,0.017,
1971,8,-0.003,
1973,4,0.037,
1973,5,-0.012,
1973,6,-0.050,
1973,7,0.060,
1973,9,0.055,
1973,10,0.150,
1973,12,-0.005,
1974,1,-0.047,
1974,2,0.042,-0.012,
1974,3,-0.010,-0.013,
1974,4,-0.038,0.012,
1974,5,-0.009,0.015,
1974,6,0.078,0.025,
1974,7,0.053,0.045,
1974,8,0.039,0.062,
1974,9,0.067,0.036,
1974,10,0.075,0.023,
1974,11,-0.054,0.014,
1974,12,-0.015,-0.001,
1975,1,-0.003,0.002,
1975,2,-0.007,0.016,
1975,3,0.090,0.036,
1975,4,0.016,0.058,
1975,5,0.083,0.082,
1975,6,0.107,0.070,
1975,7,0.116,0.070,
1975,8,0.025,0.051,
1975,9,0.017,0.023,
1975,10,-0.008,0.003,
1975,11,-0.033,-0.023,
1975,12,0.014,-0.042,
1976,1,-0.105,-0.060,
1976,2,-0.080,-0.060,
1976,3,-0.098,-0.074,
1976,4,-0.034,-0.041,
1976,5,-0.052,-0.027,
1976,6,0.060,-0.012,
1976,7,-0.010,-0.029,
1976,8,-0.024,-0.038,
1976,9,-0.118,-0.044,
1976,10,-0.095,-0.031,
1976,11,0.027,-0.026,
1976,12,0.055,-0.015,
1977,1,0.001,0.005,
1977,2,-0.062,-0.001,
1977,3,0.005,0.003,
1977,4,-0.004,0.010,
1977,5,0.075,0.023,
1977,6,0.034,0.025,
1977,7,0.004,0.019,
1977,8,0.014,-0.015,
1977,9,-0.031,-0.023,
1977,10,-0.096,-0.022,
1977,11,-0.005,-0.029,
1977,12,0.009,-0.009,
1978,1,-0.025,
1978,2,0.070,
1984,8,-0.016,
1984,9,0.021,
1984,10,0.025,0.031,
1984,11,0.110,0.046,
1984,12,0.013,0.034,
1985,1,0.062,0.022,
1985,2,-0.038,-0.011,
1985,3,-0.037,-0.004,
1985,4,-0.056,-0.017,
1985,5,0.051,-0.009,
1985,6,-0.002,0.019,
1985,7,-0.002,0.045,
1985,8,0.105,0.044,
1985,9,0.075,0.029,
1985,10,0.042,0.020,
1985,11,-0.077,-0.001,
1985,12,-0.046,-0.016,
1986,1,-0.000,-0.034,
1986,2,0.001,-0.005,
1986,3,-0.045,0.024,
1986,4,0.064,0.039,
1986,5,0.102,0.039,
1986,6,0.073,0.038,
1986,7,0.000,0.025,
1986,8,-0.051,-0.003,
1986,9,0.004,-0.027,
1986,10,-0.042,-0.020,
1986,11,-0.049,0.004,
1986,12,0.039,0.012,
1987,1,0.066,0.038,
1987,2,0.046,0.043,
1987,3,0.089,0.037,
1987,4,-0.022,0.011,
1987,5,0.006,-0.003,
1987,6,-0.066,-0.032,
1987,7,-0.022,-0.052,
1987,8,-0.058,-0.049,
1987,9,-0.122,-0.036,
1987,10,0.024,-0.035,
1987,11,-0.001,-0.017,
1987,12,-0.020,0.017,
1988,1,0.035,-0.005,
1988,2,0.047,-0.006,
1988,3,-0.084,-0.015,
1988,4,-0.008,-0.020,
1988,5,-0.065,-0.039,
1988,6,0.007,-0.039,
1988,7,-0.048,-0.051,
1988,8,-0.080,-0.036,
1988,9,-0.068,-0.061,
1988,10,0.011,-0.060,
1988,11,-0.121,-0.047,
1988,12,-0.039,-0.033,
1989,1,-0.016,-0.023,
1989,2,0.000,-0.005,
1989,3,0.061,-0.006,
1989,4,-0.030,-0.019,
1989,5,-0.048,-0.018,
1989,6,-0.077,-0.026,
1989,7,0.006,-0.019,
1989,8,0.019,-0.022,
1989,9,0.008,-0.021,
1989,10,-0.063,-0.033,
1989,11,-0.073,-0.054,
1989,12,-0.056,-0.070,
1990,1,-0.084,-0.052,
1990,2,-0.077,-0.028,
1990,3,0.030,-0.010,
1990,4,0.045,0.012,
1990,5,0.036,0.030,
1990,6,0.026,0.033,
1990,7,0.011,0.024,
1990,8,0.045,0.002,
1990,9,0.000,-0.005,
1990,10,-0.073,-0.019,
1990,11,-0.010,-0.010,
1990,12,-0.057,-0.006,
1991,1,0.092,0.009,
1991,2,0.016,0.007,
1991,3,0.002,0.013,
1991,4,-0.017,0.004,
1991,5,-0.029,0.003,
1991,6,0.049,-0.005,
1991,7,0.013,0.006,
1991,8,-0.039,
1991,9,0.038,
2010,7,-0.010,
2010,8,-0.058,
2010,9,0.009,-0.052,
2010,10,-0.095,-0.066,
2010,11,-0.107,-0.081,
2010,12,-0.079,-0.113,
2011,1,-0.135,-0.119,
2011,2,-0.147,-0.117,
2011,3,-0.125,-0.117,
2011,4,-0.098,-0.095,
2011,5,-0.079,-0.065,
2011,6,-0.026,-0.028,
2011,7,0.003,-0.015,
2011,8,0.057,-0.013,
2011,9,-0.030,-0.016,
2011,10,-0.071,-0.027,
2011,11,-0.038,-0.065,
2011,12,-0.054,-0.055,
2012,1,-0.130,-0.053,
2012,2,0.018,-0.050,
2012,3,-0.059,-0.034,
2012,4,-0.026,0.006,
2012,5,0.027,-0.000,
2012,6,0.067,0.005,
2012,7,-0.012,-0.010,
2012,8,-0.031,-0.030,
2012,9,-0.099,-0.030,
2012,10,-0.075,-0.027,
2012,11,0.067,-0.024,
2012,12,0.004,-0.003,
2013,1,-0.016,0.019,
2013,2,0.004,0.001,
2013,3,0.036,-0.001,
2013,4,-0.024,-0.013,
2013,5,-0.004,-0.016,
2013,6,-0.079,-0.033,
2013,7,-0.010,-0.032,
2013,8,-0.045,-0.032,
2013,9,-0.021,-0.018,
2013,10,-0.003,-0.024,
2013,11,-0.012,-0.009,
2013,12,-0.038,0.008,
2014,1,0.029,0.011,
2014,2,0.062,0.017,
2014,3,0.013,0.029,
2014,4,0.020,0.015,
2014,5,0.020,0.001,
2014,6,-0.039,0.008,
2014,7,-0.010,0.006,
2014,8,0.049,-0.008,
2014,9,0.011,-0.002,
2014,10,-0.053,0.014,
2014,11,-0.006,0.015,
2014,12,0.069,0.030,
2015,1,0.055,0.033,
2015,2,0.086,0.032,
2015,3,-0.038,0.017,
2015,4,-0.011,-0.009,
2015,5,-0.009,-0.031,
2015,6,-0.070,-0.024,
2015,7,-0.024,-0.018,
2015,8,-0.006,0.004,
2015,9,0.017,0.015,
2015,10,0.102,0.032,
2015,11,-0.014,0.057,
2015,12,0.060,0.069,
2016,1,0.120,0.046,
2016,2,0.076,0.060,
2016,3,-0.011,0.051,
2016,4,0.057,0.026,
2016,5,0.015,-0.001,
2016,6,-0.006,-0.004,
2016,7,-0.062,-0.032,
2016,8,-0.022,-0.024,
2016,9,-0.087,-0.019,
2016,10,0.055,-0.014,
2016,11,0.021,-0.010,
2016,12,-0.036,-0.004,
2017,1,-0.003,-0.035,
2017,2,-0.059,-0.033,
2017,3,-0.095,-0.039,
2017,4,0.030,-0.041,
2017,5,-0.067,-0.024,
2017,6,-0.014,-0.009,
2017,7,0.024,-0.001,
2017,8,-0.020,0.016,
2017,9,0.073,0.018,
2017,10,0.018,0.006,
2017,11,-0.005,0.003,
2017,12,-0.038,-0.028,
2018,1,-0.031,-0.017,
2018,2,-0.081,-0.022,
2018,3,0.068,-0.039,
2018,4,-0.026,-0.050,
2018,5,-0.124,-0.041,
2018,6,-0.087,-0.071,
2018,7,-0.035,-0.079,
2018,8,-0.082,-0.082,
2018,9,-0.069,-0.078,
2018,10,-0.136,-0.078,
2018,11,-0.070,-0.063,
2018,12,-0.033,-0.045,
2019,1,-0.005,0.003,
2019,2,0.018,0.020,
2019,3,0.106,0.019,
2019,4,0.011,0.014,
2019,5,-0.036,0.017,
2019,6,-0.030,0.009,
2019,7,0.034,0.027,
2019,8,0.067,0.046,
2019,9,0.100,0.070,
2019,10,0.058,0.066,
2019,11,0.091,0.052,
2019,12,0.012,0.029,
2020,1,-0.003,0.008,
2020,2,-0.012,-0.010,
2020,3,-0.050,-0.008,
2020,4,0.003,-0.000,
2020,5,0.023,0.004,
2020,6,0.034,0.021,
2020,7,0.009,0.034,
2020,8,0.035,0.037,
2020,9,0.069,0.034,
2020,10,0.036,0.024,
2020,11,0.021,0.009,
2020,12,-0.042,-0.005,
2021,1,-0.041,-0.010,
2021,2,-0.001,-0.014,
2021,3,0.012,-0.012,
2021,4,0.003,-0.022,
2021,5,-0.035,-0.027,
2021,6,-0.086,-0.027,
2021,7,-0.027,-0.033,
2021,8,0.008,-0.038,
2021,9,-0.027,-0.007,
2021,10,-0.056,0.003,
2021,11,0.066,0.022,
2021,12,0.022,0.043,
2022,1,0.105,0.057,
2022,2,0.081,0.047,
2022,3,0.014,0.060,
2022,4,0.013,0.051,
2022,5,0.085,0.029,
2022,6,0.064,0.027,
2022,7,-0.031,0.039,
2022,8,0.004,0.041,
2022,9,0.073,0.048,
2022,10,0.093,0.080,
2022,11,0.100,0.082,
2022,12,0.130,0.060,
2023,1,0.012,0.055,
2023,2,-0.034,0.053,
2023,3,0.068,0.039,
2023,4,0.088,0.053,
2023,5,0.062,0.056,
2023,6,0.081,0.041,
2023,7,-0.018,0.029,
2023,8,-0.009,0.038,
2023,9,0.029,0.046,
2023,10,0.107,0.067,
2023,11,0.118,0.070,
2023,12,0.092,0.078,
2024,1,0.004,0.056,
2024,2,0.071,0.033,
2024,3,-0.005,0.021,
2024,4,0.001,0.029,
2024,5,0.033,0.017,
2024,6,0.042,0.007,
2024,7,0.012,0.025,
2024,8,-0.055,0.023,
2024,9,0.091,0.014,
2024,10,0.027,
2024,11,-0.004,
