Interannual variation of monthly mean sea level and the 5-month centered average.
The values are in meters.  The average seasonal cycle and the relative sea level trend have been removed.
Column values are the Year; Month; Interannual Variation; and the 5-month centered average of the Interannual Variation.
Product of NOAAs National Ocean Service / Center for Operational Oceanographic Products and Services (CO-OPS)

Year, Month, Interannual_Variation, Five_Month_Average
1913,1,0.015,
1913,2,0.083,
1913,3,0.027,0.046,
1913,4,0.063,0.058,
1913,5,0.042,0.048,
1913,6,0.072,0.057,
1913,7,0.033,0.048,
1913,8,0.076,0.037,
1913,9,0.019,0.017,
1913,10,-0.015,0.015,
1913,11,-0.026,0.006,
1913,12,0.023,0.003,
1914,1,0.029,-0.002,
1914,2,0.002,0.003,
1914,3,-0.039,0.019,
1914,4,-0.000,0.025,
1914,5,0.104,0.023,
1914,6,0.058,0.046,
1914,7,-0.006,0.058,
1914,8,0.077,0.025,
1914,9,0.056,0.009,
1914,10,-0.060,0.023,
1914,11,-0.023,0.023,
1914,12,0.066,0.026,
1915,1,0.074,0.050,
1915,2,0.075,0.059,
1915,3,0.056,0.041,
1915,4,0.022,0.029,
1915,5,-0.020,0.017,
1915,6,0.012,0.006,
1915,7,0.013,0.004,
1915,8,0.004,0.004,
1915,9,0.013,0.001,
1915,10,-0.023,-0.004,
1915,11,-0.004,-0.003,
1915,12,-0.012,0.006,
1916,1,0.013,0.007,
1916,2,0.057,0.009,
1916,3,-0.019,0.022,
1916,4,0.007,0.017,
1916,5,0.053,0.015,
1916,6,-0.014,0.024,
1916,7,0.050,0.027,
1916,8,0.022,0.030,
1916,9,0.023,0.044,
1916,10,0.072,0.039,
1916,11,0.054,0.030,
1916,12,0.024,0.028,
1917,1,-0.022,0.043,
1917,2,0.015,0.054,
1917,3,0.145,0.058,
1917,4,0.108,0.065,
1917,5,0.045,0.058,
1917,6,0.013,0.018,
1917,7,-0.020,0.006,
1917,8,-0.056,0.012,
1917,9,0.048,0.031,
1917,10,0.076,0.053,
1917,11,0.107,0.070,
1917,12,0.088,0.054,
1918,1,0.030,0.045,
1918,2,-0.033,0.040,
1918,3,0.030,0.031,
1918,4,0.084,0.028,
1918,5,0.042,0.038,
1918,6,0.016,0.034,
1918,7,0.017,0.014,
1918,8,0.008,-0.008,
1918,9,-0.012,-0.011,
1918,10,-0.071,-0.004,
1918,11,0.001,-0.004,
1918,12,0.056,-0.005,
1919,1,0.005,0.016,
1919,2,-0.017,0.013,
1919,3,0.034,-0.001,
1919,4,-0.013,0.004,
1919,5,-0.012,0.014,
1919,6,0.030,0.008,
1919,7,0.033,0.017,
1919,8,0.003,0.022,
1919,9,0.030,0.021,
1919,10,0.013,0.018,
1919,11,0.025,0.009,
1919,12,0.019,0.009,
1920,1,-0.042,-0.017,
1920,2,0.032,-0.028,
1920,3,-0.119,-0.035,
1920,4,-0.031,-0.021,
1920,5,-0.015,-0.023,
1920,6,0.030,-0.003,
1920,7,0.019,0.001,
1920,8,-0.018,-0.002,
1920,9,-0.009,-0.012,
1920,10,-0.030,-0.013,
1920,11,-0.020,-0.006,
1920,12,0.011,-0.001,
1921,1,0.016,0.009,
1921,2,0.016,0.024,
1921,3,0.023,0.030,
1921,4,0.055,0.045,
1921,5,0.040,0.046,
1921,6,0.088,0.041,
1921,7,0.022,0.036,
1921,8,-0.003,0.036,
1921,9,0.034,0.009,
1921,10,0.038,0.007,
1921,11,-0.044,0.005,
1921,12,0.008,0.009,
1922,1,-0.011,0.010,
1922,2,0.054,0.021,
1922,3,0.044,0.022,
1922,4,0.010,0.030,
1922,5,0.016,0.028,
1922,6,0.028,0.022,
1922,7,0.040,0.025,
1922,8,0.019,0.019,
1922,9,0.022,0.005,
1922,10,-0.014,-0.013,
1922,11,-0.040,-0.018,
1922,12,-0.053,-0.023,
1923,1,-0.005,-0.013,
1923,2,-0.004,0.003,
1923,3,0.038,0.026,
1923,4,0.040,0.030,
1923,5,0.062,0.025,
1923,6,0.012,0.004,
1923,7,-0.026,-0.013,
1923,8,-0.069,-0.037,
1923,9,-0.045,-0.051,
1923,10,-0.056,-0.061,
1923,11,-0.058,-0.050,
1923,12,-0.076,-0.036,
1924,1,-0.014,-0.022,
1924,2,0.021,-0.026,
1924,3,0.018,-0.023,
1924,4,-0.081,-0.024,
1924,5,-0.062,-0.021,
1924,6,-0.014,-0.017,
1924,7,0.035,0.002,
1924,8,0.038,0.013,
1924,9,0.011,0.014,
1924,10,-0.003,-0.016,
1924,11,-0.009,-0.029,
1924,12,-0.115,-0.025,
1925,1,-0.031,-0.026,
1925,2,0.031,-0.040,
1925,3,-0.004,-0.015,
1925,4,-0.080,-0.012,
1925,5,0.008,-0.022,
1925,6,-0.017,-0.018,
1925,7,-0.016,-0.004,
1925,8,0.017,-0.019,
1925,9,-0.013,-0.010,
1925,10,-0.064,
1925,11,0.028,
1926,1,-0.049,
1926,2,-0.100,
1926,3,-0.092,-0.064,
1926,4,-0.038,-0.059,
1926,5,-0.043,-0.045,
1926,6,-0.026,-0.020,
1926,7,-0.025,-0.008,
1926,8,0.030,0.001,
1926,9,0.021,-0.001,
1926,10,0.006,-0.002,
1926,11,-0.036,-0.006,
1926,12,-0.029,-0.004,
1927,1,0.009,0.001,
1927,2,0.032,0.012,
1927,3,0.031,0.015,
1927,4,0.018,0.013,
1927,5,-0.015,-0.001,
1927,6,-0.001,-0.006,
1927,7,-0.037,-0.023,
1927,8,0.003,-0.027,
1927,9,-0.064,-0.024,
1927,10,-0.036,-0.011,
1927,11,0.014,-0.018,
1927,12,0.029,-0.026,
1928,1,-0.033,-0.028,
1928,2,-0.105,-0.044,
1928,3,-0.045,-0.054,
1928,4,-0.067,-0.046,
1928,5,-0.018,-0.023,
1928,6,0.003,-0.011,
1928,7,0.010,-0.000,
1928,8,0.015,-0.003,
1928,9,-0.012,-0.005,
1928,10,-0.030,0.000,
1928,11,-0.007,-0.011,
1928,12,0.036,0.002,
1929,1,-0.042,0.006,
1929,2,0.050,0.014,
1929,3,-0.008,0.005,
1929,4,0.031,0.014,
1929,5,-0.008,0.013,
1929,6,0.003,0.015,
1929,7,0.049,0.003,
1929,8,-0.002,-0.017,
1929,9,-0.026,-0.032,
1929,10,-0.111,-0.043,
1929,11,-0.071,-0.031,
1929,12,-0.003,-0.012,
1930,1,0.056,0.014,
1930,2,0.067,0.032,
1930,3,0.020,0.033,
1930,4,0.019,0.018,
1930,5,0.002,0.002,
1930,6,-0.018,0.002,
1930,7,-0.014,-0.015,
1930,8,0.022,-0.022,
1930,9,-0.066,-0.032,
1930,10,-0.035,-0.038,
1930,11,-0.067,-0.059,
1930,12,-0.043,-0.052,
1931,1,-0.083,-0.041,
1931,2,-0.031,-0.028,
1931,3,0.020,-0.043,
1931,4,-0.005,-0.040,
1931,5,-0.117,-0.043,
1931,6,-0.066,-0.064,
1931,7,-0.047,-0.074,
1931,8,-0.084,-0.070,
1931,9,-0.056,-0.066,
1931,10,-0.095,-0.059,
1931,11,-0.049,-0.039,
1931,12,-0.012,-0.031,
1932,1,0.015,-0.017,
1932,2,-0.012,-0.011,
1932,3,-0.028,-0.012,
1932,4,-0.020,-0.019,
1932,5,-0.016,-0.019,
1932,6,-0.020,-0.013,
1932,7,-0.010,-0.012,
1932,8,-0.001,-0.021,
1932,9,-0.010,-0.017,
1932,10,-0.064,0.001,
1932,11,0.001,0.007,
1932,12,0.080,0.010,
1933,1,0.027,0.016,
1933,2,0.007,0.023,
1933,3,-0.037,0.014,
1933,4,0.036,0.020,
1933,5,0.036,0.023,
1933,6,0.057,0.038,
1933,7,0.021,0.035,
1933,8,0.042,0.042,
1933,9,0.018,0.036,
1933,10,0.073,0.022,
1933,11,0.025,0.012,
1933,12,-0.047,-0.003,
1934,1,-0.009,-0.026,
1934,2,-0.060,-0.034,
1934,3,-0.039,-0.036,
1934,4,-0.013,-0.040,
1934,5,-0.058,-0.036,
1934,6,-0.031,-0.040,
1934,7,-0.040,-0.039,
1934,8,-0.058,-0.029,
1934,9,-0.009,-0.029,
1934,10,-0.009,-0.018,
1934,11,-0.029,0.006,
1934,12,0.017,0.007,
1935,1,0.062,0.010,
1935,2,-0.008,0.024,
1935,3,0.010,0.014,
1935,4,0.040,-0.003,
1935,5,-0.036,-0.002,
1935,6,-0.022,-0.002,
1935,7,-0.003,-0.024,
1935,8,0.010,-0.010,
1935,9,-0.067,-0.001,
1935,10,0.032,-0.002,
1935,11,0.024,-0.002,
1935,12,-0.007,0.021,
1936,1,0.010,0.010,
1936,2,0.045,-0.001,
1936,3,-0.020,0.016,
1936,4,-0.033,0.030,
1936,5,0.077,0.027,
1936,6,0.079,0.030,
1936,7,0.031,0.040,
1936,8,-0.002,0.033,
1936,9,0.017,0.018,
1936,10,0.038,0.028,
1936,11,0.008,0.042,
1936,12,0.079,0.065,
1937,1,0.068,0.059,
1937,2,0.131,0.063,
1937,3,0.008,0.063,
1937,4,0.031,0.048,
1937,5,0.078,0.034,
1937,6,-0.005,0.046,
1937,7,0.056,0.046,
1937,8,0.071,0.038,
1937,9,0.032,0.040,
1937,10,0.036,0.030,
1937,11,0.002,0.016,
1937,12,0.006,0.013,
1938,1,0.005,0.002,
1938,2,0.015,0.004,
1938,3,-0.016,0.005,
1938,4,0.011,0.004,
1938,5,0.008,-0.005,
1938,6,0.001,0.002,
1938,7,-0.028,-0.010,
1938,8,0.017,-0.015,
1938,9,-0.047,-0.008,
1938,10,-0.019,-0.000,
1938,11,0.037,-0.002,
1938,12,0.010,0.010,
1939,1,0.008,0.016,
1939,2,0.012,0.009,
1939,3,0.011,0.008,
1939,4,0.001,0.006,
1939,5,0.008,0.002,
1939,6,-0.005,0.000,
1939,7,-0.007,-0.002,
1939,8,0.002,0.006,
1939,9,-0.009,0.012,
1939,10,0.048,0.010,
1939,11,0.025,0.001,
1939,12,-0.014,-0.007,
1940,1,-0.045,-0.025,
1940,2,-0.048,-0.045,
1940,3,-0.043,-0.048,
1940,4,-0.074,-0.046,
1940,5,-0.028,-0.041,
1940,6,-0.038,-0.027,
1940,7,-0.022,-0.008,
1940,8,0.030,-0.000,
1940,9,0.018,-0.006,
1940,10,0.012,-0.002,
1940,11,-0.070,0.002,
1940,12,-0.002,0.009,
1941,1,0.049,-0.004,
1941,2,0.053,0.010,
1941,3,-0.049,0.012,
1941,4,0.000,-0.007,
1941,5,0.006,-0.029,
1941,6,-0.044,-0.030,
1941,7,-0.058,-0.027,
1941,8,-0.052,-0.044,
1941,9,0.012,-0.041,
1941,10,-0.079,-0.029,
1941,11,-0.026,-0.017,
1941,12,0.002,-0.013,
1942,1,0.006,-0.001,
1942,2,0.032,0.012,
1942,3,-0.017,0.013,
1942,4,0.036,0.020,
1942,5,0.007,0.026,
1942,6,0.043,0.031,
1942,7,0.061,0.027,
1942,8,0.006,0.039,
1942,9,0.019,0.046,
1942,10,0.068,0.032,
1942,11,0.075,0.028,
1942,12,-0.007,0.023,
1943,1,-0.017,0.022,
1943,2,-0.004,0.019,
1943,3,0.062,0.027,
1943,4,0.062,0.037,
1943,5,0.032,0.031,
1943,6,0.034,0.020,
1943,7,-0.036,0.022,
1943,8,0.007,0.029,
1943,9,0.074,0.017,
1943,10,0.065,0.023,
1943,11,-0.025,0.020,
1943,12,-0.003,0.001,
1944,1,-0.011,-0.006,
1944,2,-0.019,0.004,
1944,3,0.026,0.008,
1944,4,0.025,0.018,
1944,5,0.019,0.028,
1944,6,0.040,0.025,
1944,7,0.029,0.024,
1944,8,0.010,0.032,
1944,9,0.023,0.030,
1944,10,0.056,0.017,
1944,11,0.033,0.013,
1944,12,-0.039,-0.008,
1945,1,-0.007,-0.027,
1945,2,-0.082,-0.027,
1945,3,-0.037,-0.015,
1945,4,0.032,-0.007,
1945,5,0.023,0.014,
1945,6,0.032,0.026,
1945,7,0.020,0.019,
1945,8,0.026,0.009,
1945,9,-0.007,-0.009,
1945,10,-0.025,-0.019,
1945,11,-0.061,-0.031,
1945,12,-0.030,-0.030,
1946,1,-0.031,-0.024,
1946,2,-0.003,-0.004,
1946,3,0.005,-0.003,
1946,4,0.038,-0.001,
1946,5,-0.022,0.002,
1946,6,-0.023,0.010,
1946,7,0.011,0.013,
1946,8,0.045,0.028,
1946,9,0.054,0.050,
1946,10,0.054,0.080,
1946,11,0.086,0.085,
1946,12,0.163,0.089,
1947,1,0.070,0.083,
1947,2,0.070,0.066,
1947,3,0.028,0.048,
1947,4,-0.001,0.056,
1947,5,0.072,0.046,
1947,6,0.109,0.038,
1947,7,0.024,0.038,
1947,8,-0.013,0.036,
1947,9,-0.000,0.043,
1947,10,0.059,0.068,
1947,11,0.147,0.085,
1947,12,0.145,0.103,
1948,1,0.077,0.116,
1948,2,0.090,0.106,
1948,3,0.122,0.097,
1948,4,0.097,0.098,
1948,5,0.101,0.102,
1948,6,0.082,0.088,
1948,7,0.106,0.082,
1948,8,0.052,0.081,
1948,9,0.070,0.073,
1948,10,0.095,0.062,
1948,11,0.041,0.052,
1948,12,0.050,0.037,
1949,1,0.004,0.019,
1949,2,-0.005,0.010,
1949,3,0.004,0.004,
1949,4,-0.003,0.004,
1949,5,0.019,0.017,
1949,6,0.002,0.020,
1949,7,0.064,0.024,
1949,8,0.015,0.037,
1949,9,0.019,0.030,
1949,10,0.086,0.016,
1949,11,-0.032,0.022,
1949,12,-0.010,0.028,
1950,1,0.049,0.014,
1950,2,0.048,0.032,
1950,3,0.014,0.032,
1950,4,0.061,0.013,
1950,5,-0.011,-0.002,
1950,6,-0.048,0.005,
1950,7,-0.024,-0.004,
1950,8,0.047,0.000,
1950,9,0.019,-0.002,
1950,10,0.008,-0.003,
1950,11,-0.059,-0.017,
1950,12,-0.031,-0.022,
1951,1,-0.020,-0.025,
1951,2,-0.010,-0.009,
1951,3,-0.004,-0.008,
1951,4,0.019,-0.008,
1951,5,-0.023,-0.007,
1951,6,-0.021,-0.008,
1951,7,-0.005,-0.017,
1951,8,-0.008,-0.006,
1951,9,-0.029,-0.003,
1951,10,0.035,-0.002,
1951,11,-0.006,-0.000,
1951,12,-0.003,0.010,
1952,1,0.002,0.011,
1952,2,0.021,0.010,
1952,3,0.041,0.018,
1952,4,-0.014,0.015,
1952,5,0.038,0.014,
1952,6,-0.015,0.006,
1952,7,0.017,0.014,
1952,8,0.004,0.006,
1952,9,0.027,0.002,
1952,10,-0.003,0.009,
1952,11,-0.037,
1952,12,0.052,
1953,9,0.014,
1953,10,0.012,
1953,11,-0.003,0.001,
1953,12,-0.012,-0.000,
1954,1,-0.009,-0.005,
1954,2,0.010,0.002,
1954,3,-0.012,0.018,
1954,4,0.033,0.025,
1954,5,0.067,0.021,
1954,6,0.026,0.013,
1954,7,-0.010,0.009,
1954,8,-0.053,-0.013,
1954,9,0.015,-0.022,
1954,10,-0.043,-0.033,
1954,11,-0.020,-0.017,
1954,12,-0.062,-0.013,
1955,1,0.024,-0.014,
1955,2,0.034,-0.020,
1955,3,-0.048,-0.002,
1955,4,-0.047,-0.001,
1955,5,0.028,0.001,
1955,6,0.030,0.015,
1955,7,0.042,0.031,
1955,8,0.024,0.026,
1955,9,0.031,0.003,
1955,10,0.004,-0.021,
1955,11,-0.084,-0.025,
1955,12,-0.081,-0.034,
1956,1,0.007,-0.039,
1956,2,-0.014,-0.025,
1956,3,-0.021,-0.011,
1956,4,-0.018,-0.006,
1956,5,-0.009,-0.006,
1956,6,0.033,-0.001,
1956,7,-0.015,0.001,
1956,8,0.003,0.002,
1956,9,-0.009,0.002,
1956,10,-0.002,-0.014,
1956,11,0.036,-0.034,
1956,12,-0.098,-0.028,
1957,1,-0.097,-0.026,
1957,2,0.023,-0.035,
1957,3,0.007,-0.005,
1957,4,-0.009,0.017,
1957,5,0.049,0.019,
1957,6,0.012,0.031,
1957,7,0.037,0.030,
1957,8,0.064,0.033,
1957,9,-0.014,0.035,
1957,10,0.065,0.026,
1957,11,0.024,0.019,
1957,12,-0.009,0.001,
1958,1,0.029,-0.015,
1958,2,-0.104,-0.026,
1958,3,-0.016,-0.032,
1958,4,-0.026,-0.033,
1958,5,-0.041,-0.015,
1958,6,0.025,-0.018,
1958,7,-0.014,-0.007,
1958,8,-0.032,0.017,
1958,9,0.026,0.011,
1958,10,0.081,0.018,
1958,11,-0.007,0.028,
1958,12,0.024,0.016,
1959,1,0.017,-0.004,
1959,2,-0.034,-0.005,
1959,3,-0.019,-0.005,
1959,4,-0.014,-0.002,
1959,5,0.023,0.006,
1959,6,0.034,0.002,
1959,7,0.005,-0.004,
1959,8,-0.038,-0.012,
1959,9,-0.044,-0.012,
1959,10,-0.019,-0.007,
1959,11,0.034,0.010,
1959,12,0.031,0.021,
1960,1,0.048,0.021,
1960,2,0.012,0.013,
1960,3,-0.018,0.007,
1960,4,-0.008,0.009,
1960,5,-0.001,0.018,
1960,6,0.060,0.028,
1960,7,0.057,0.026,
1960,8,0.032,0.028,
1960,9,-0.016,0.012,
1960,10,0.006,0.000,
1960,11,-0.018,-0.017,
1960,12,-0.002,-0.008,
1961,1,-0.052,0.009,
1961,2,0.028,0.020,
1961,3,0.088,0.019,
1961,4,0.039,0.027,
1961,5,-0.006,0.018,
1961,6,-0.013,-0.011,
1961,7,-0.019,-0.035,
1961,8,-0.055,-0.033,
1961,9,-0.083,-0.024,
1961,10,0.003,-0.019,
1961,11,0.032,-0.017,
1961,12,0.007,-0.002,
1962,1,-0.043,0.022,
1962,2,-0.011,0.005,
1962,3,0.122,0.009,
1962,4,-0.052,0.019,
1962,5,0.027,0.025,
1962,6,0.008,0.009,
1962,7,0.021,0.020,
1962,8,0.039,0.012,
1962,9,0.007,0.005,
1962,10,-0.015,0.006,
1962,11,-0.026,0.002,
1962,12,0.023,-0.011,
1963,1,0.022,-0.021,
1963,2,-0.059,-0.027,
1963,3,-0.063,-0.036,
1963,4,-0.057,-0.059,
1963,5,-0.024,-0.045,
1963,6,-0.088,-0.039,
1963,7,0.006,-0.024,
1963,8,-0.033,-0.012,
1963,9,0.022,0.002,
1963,10,0.032,-0.018,
1963,11,-0.017,-0.034,
1963,12,-0.092,-0.063,
1964,1,-0.115,-0.087,
1964,2,-0.123,-0.100,
1964,3,-0.090,-0.085,
1964,4,-0.079,-0.070,
1964,5,-0.017,-0.062,
1964,6,-0.043,-0.059,
1964,7,-0.081,-0.055,
1964,8,-0.075,-0.072,
1964,9,-0.060,-0.078,
1964,10,-0.102,-0.074,
1964,11,-0.071,-0.063,
1964,12,-0.064,-0.052,
1965,1,-0.017,-0.046,
1965,2,-0.004,-0.038,
1965,3,-0.074,-0.036,
1965,4,-0.030,-0.044,
1965,5,-0.054,-0.054,
1965,6,-0.061,-0.043,
1965,7,-0.051,-0.035,
1965,8,-0.018,-0.051,
1965,9,0.008,-0.039,
1965,10,-0.135,-0.032,
1965,11,-0.001,-0.014,
1965,12,-0.015,-0.015,
1966,1,0.072,0.011,
1966,2,0.006,0.012,
1966,3,-0.004,0.017,
1966,4,0.002,-0.006,
1966,5,0.011,-0.008,
1966,6,-0.045,-0.013,
1966,7,-0.002,-0.023,
1966,8,-0.032,-0.041,
1966,9,-0.047,-0.036,
1966,10,-0.077,-0.039,
1966,11,-0.024,-0.036,
1966,12,-0.015,-0.037,
1967,1,-0.019,-0.026,
1967,2,-0.049,-0.018,
1967,3,-0.025,-0.024,
1967,4,0.017,-0.011,
1967,5,-0.047,0.000,
1967,6,0.047,0.007,
1967,7,0.008,-0.005,
1967,8,0.011,-0.005,
1967,9,-0.046,-0.021,
1967,10,-0.046,-0.018,
1967,11,-0.033,-0.021,
1967,12,0.026,-0.008,
1968,1,-0.004,-0.003,
1968,2,0.015,0.001,
1968,3,-0.018,-0.021,
1968,4,-0.017,-0.040,
1968,5,-0.082,-0.052,
1968,6,-0.098,-0.059,
1968,7,-0.043,-0.066,
1968,8,-0.053,-0.066,
1968,9,-0.055,-0.068,
1968,10,-0.082,-0.073,
1968,11,-0.109,-0.062,
1968,12,-0.069,-0.053,
1969,1,0.007,-0.043,
1969,2,-0.014,-0.031,
1969,3,-0.030,-0.031,
1969,4,-0.049,-0.041,
1969,5,-0.070,-0.045,
1969,6,-0.044,-0.038,
1969,7,-0.030,-0.042,
1969,8,0.003,-0.033,
1969,9,-0.070,-0.029,
1969,10,-0.024,-0.020,
1969,11,-0.023,-0.033,
1969,12,0.014,-0.034,
1970,1,-0.060,-0.038,
1970,2,-0.078,-0.046,
1970,3,-0.042,-0.054,
1970,4,-0.067,-0.046,
1970,5,-0.024,-0.042,
1970,6,-0.019,-0.022,
1970,7,-0.061,-0.014,
1970,8,0.061,-0.009,
1970,9,-0.026,-0.011,
1970,10,-0.002,-0.002,
1970,11,-0.026,-0.024,
1970,12,-0.019,-0.013,
1971,1,-0.047,-0.016,
1971,2,0.027,-0.025,
1971,3,-0.014,-0.043,
1971,4,-0.069,-0.050,
1971,5,-0.112,-0.059,
1971,6,-0.082,-0.066,
1971,7,-0.015,-0.067,
1971,8,-0.051,-0.045,
1971,9,-0.075,-0.012,
1971,10,-0.004,0.000,
1971,11,0.087,0.026,
1971,12,0.045,0.046,
1972,1,0.075,0.050,
1972,2,0.027,0.031,
1972,3,0.017,0.031,
1972,4,-0.011,0.024,
1972,5,0.047,0.014,
1972,6,0.037,0.000,
1972,7,-0.020,0.002,
1972,8,-0.051,-0.012,
1972,9,-0.002,-0.024,
1972,10,-0.023,-0.020,
1972,11,-0.025,0.012,
1972,12,0.003,0.032,
1973,1,0.105,0.060,
1973,2,0.097,0.081,
1973,3,0.121,0.079,
1973,4,0.080,0.047,
1973,5,-0.007,0.030,
1973,6,-0.054,0.018,
1973,7,0.011,0.003,
1973,8,0.059,0.019,
1973,9,0.005,0.033,
1973,10,0.073,0.032,
1973,11,0.018,0.018,
1973,12,0.006,0.020,
1974,1,-0.013,0.003,
1974,2,0.016,-0.002,
1974,3,-0.010,-0.004,
1974,4,-0.010,0.008,
1974,5,-0.001,0.006,
1974,6,0.044,0.005,
1974,7,0.008,0.014,
1974,8,-0.016,0.030,
1974,9,0.033,0.017,
1974,10,0.082,0.005,
1974,11,-0.020,-0.002,
1974,12,-0.054,0.002,
1975,1,-0.052,-0.007,
1975,2,0.055,0.002,
1975,3,0.036,0.022,
1975,4,0.026,0.041,
1975,5,0.045,0.045,
1975,6,0.041,0.043,
1975,7,0.076,0.035,
1975,8,0.027,0.009,
1975,9,-0.015,-0.001,
1975,10,-0.086,-0.007,
1975,11,-0.008,-0.028,
1975,12,0.047,-0.044,
1976,1,-0.076,-0.036,
1976,2,-0.096,-0.045,
1976,3,-0.048,-0.064,
1976,4,-0.049,-0.047,
1976,5,-0.051,-0.037,
1976,6,0.009,-0.037,
1976,7,-0.046,-0.040,
1976,8,-0.049,-0.043,
1976,9,-0.061,-0.059,
1976,10,-0.066,-0.047,
1976,11,-0.075,-0.048,
1976,12,0.014,-0.059,
1977,1,-0.054,-0.055,
1977,2,-0.114,-0.050,
1977,3,-0.048,-0.046,
1977,4,-0.046,-0.037,
1977,5,0.034,-0.019,
1977,6,-0.013,-0.010,
1977,7,-0.021,0.000,
1977,8,-0.006,-0.026,
1977,9,0.006,-0.024,
1977,10,-0.094,-0.021,
1977,11,-0.007,-0.031,
1977,12,-0.004,-0.032,
1978,1,-0.057,-0.015,
1978,2,0.002,-0.022,
1978,3,-0.007,-0.026,
1978,4,-0.046,-0.011,
1978,5,-0.024,-0.011,
1978,6,0.021,-0.015,
1978,7,0.001,-0.010,
1978,8,-0.030,0.004,
1978,9,-0.017,0.001,
1978,10,0.045,-0.001,
1978,11,0.005,0.011,
1978,12,-0.007,0.004,
1979,1,0.032,-0.005,
1979,2,-0.052,-0.013,
1979,3,-0.004,-0.023,
1979,4,-0.035,-0.025,
1979,5,-0.056,-0.018,
1979,6,0.022,-0.021,
1979,7,-0.015,-0.011,
1979,8,-0.023,-0.009,
1979,9,0.017,-0.024,
1979,10,-0.044,-0.019,
1979,11,-0.055,-0.006,
1979,12,0.012,-0.002,
1980,1,0.042,-0.002,
1980,2,0.033,0.010,
1980,3,-0.044,0.014,
1980,4,0.004,0.011,
1980,5,0.032,0.006,
1980,6,0.031,0.010,
1980,7,0.005,0.004,
1980,8,-0.023,-0.020,
1980,9,-0.025,-0.026,
1980,10,-0.089,-0.038,
1980,11,-0.000,-0.039,
1980,12,-0.051,-0.036,
1981,1,-0.029,-0.020,
1981,2,-0.012,-0.021,
1981,3,-0.006,-0.010,
1981,4,-0.005,-0.014,
1981,5,0.003,-0.005,
1981,6,-0.047,-0.007,
1981,7,0.029,-0.021,
1981,8,-0.013,-0.034,
1981,9,-0.076,-0.019,
1981,10,-0.061,-0.034,
1981,11,0.028,-0.045,
1981,12,-0.048,-0.039,
1982,1,-0.067,-0.024,
1982,2,-0.045,-0.031,
1982,3,0.012,-0.025,
1982,4,-0.007,-0.013,
1982,5,-0.016,-0.009,
1982,6,-0.007,-0.022,
1982,7,-0.025,-0.022,
1982,8,-0.055,-0.016,
1982,9,-0.007,-0.008,
1982,10,0.012,0.005,
1982,11,0.035,0.028,
1982,12,0.038,0.042,
1983,1,0.064,0.051,
1983,2,0.059,0.037,
1983,3,0.058,0.015,
1983,4,-0.037,-0.006,
1983,5,-0.073,-0.018,
1983,6,-0.038,-0.040,
1983,7,-0.003,-0.045,
1983,8,-0.049,-0.034,
1983,9,-0.064,-0.028,
1983,10,-0.015,-0.038,
1983,11,-0.009,-0.018,
1983,12,-0.053,-0.004,
1984,1,0.053,0.002,
1984,2,0.002,-0.001,
1984,3,0.019,-0.007,
1984,4,-0.024,-0.030,
1984,5,-0.082,-0.052,
1984,6,-0.064,-0.067,
1984,7,-0.107,-0.058,
1984,8,-0.057,-0.038,
1984,9,0.022,-0.018,
1984,10,0.016,0.008,
1984,11,0.035,0.028,
1984,12,0.026,0.019,
1985,1,0.038,0.013,
1985,2,-0.019,-0.010,
1985,3,-0.017,-0.016,
1985,4,-0.079,-0.024,
1985,5,-0.002,-0.029,
1985,6,-0.006,-0.021,
1985,7,-0.039,-0.013,
1985,8,0.019,-0.008,
1985,9,-0.039,-0.011,
1985,10,0.026,-0.007,
1985,11,-0.022,-0.012,
1985,12,-0.018,0.001,
1986,1,-0.008,-0.011,
1986,2,0.026,0.005,
1986,3,-0.035,0.031,
1986,4,0.061,0.043,
1986,5,0.109,0.034,
1986,6,0.056,0.033,
1986,7,-0.020,0.027,
1986,8,-0.042,0.012,
1986,9,0.032,-0.003,
1986,10,0.033,0.009,
1986,11,-0.016,0.027,
1986,12,0.040,0.023,
1987,1,0.045,0.036,
1987,2,0.012,0.034,
1987,3,0.097,0.025,
1987,4,-0.026,0.004,
1987,5,-0.004,-0.003,
1987,6,-0.060,-0.033,
1987,7,-0.023,-0.049,
1987,8,-0.050,-0.059,
1987,9,-0.108,-0.039,
1987,10,-0.056,-0.029,
1987,11,0.040,-0.016,
1987,12,0.031,0.012,
1988,1,0.014,0.012,
1988,2,0.033,-0.002,
1988,3,-0.056,-0.022,
1988,4,-0.032,-0.026,
1988,5,-0.071,-0.040,
1988,6,-0.005,-0.046,
1988,7,-0.038,-0.046,
1988,8,-0.087,-0.037,
1988,9,-0.031,-0.042,
1988,10,-0.022,-0.041,
1988,11,-0.030,-0.034,
1988,12,-0.036,-0.023,
1989,1,-0.052,-0.017,
1989,2,0.028,-0.025,
1989,3,0.006,-0.030,
1989,4,-0.071,-0.028,
1989,5,-0.058,-0.033,
1989,6,-0.041,-0.034,
1989,7,-0.001,-0.025,
1989,8,-0.000,-0.028,
1989,9,-0.025,-0.043,
1989,10,-0.070,-0.080,
1989,11,-0.118,-0.100,
1989,12,-0.185,-0.116,
1990,1,-0.103,-0.097,
1990,2,-0.103,-0.070,
1990,3,0.025,-0.033,
1990,4,0.015,-0.026,
1990,5,0.000,-0.012,
1990,6,-0.068,-0.017,
1990,7,-0.033,-0.031,
1990,8,0.003,-0.039,
1990,9,-0.058,-0.025,
1990,10,-0.039,-0.031,
1990,11,0.002,-0.021,
1990,12,-0.062,-0.010,
1991,1,0.052,0.001,
1991,2,-0.002,0.002,
1991,3,0.013,0.013,
1991,4,0.009,0.016,
1991,5,-0.009,0.023,
1991,6,0.067,0.023,
1991,7,0.034,0.033,
1991,8,0.012,0.045,
1991,9,0.059,0.043,
1991,10,0.056,0.030,
1991,11,0.056,0.032,
1991,12,-0.034,0.019,
1992,1,0.026,0.004,
1992,2,-0.007,-0.006,
1992,3,-0.023,-0.001,
1992,4,0.007,0.003,
1992,5,-0.008,0.007,
1992,6,0.046,0.007,
1992,7,0.012,0.007,
1992,8,-0.020,0.021,
1992,9,0.004,0.012,
1992,10,0.065,0.007,
1992,11,-0.003,0.024,
1992,12,-0.010,0.038,
1993,1,0.062,0.012,
1993,2,0.075,0.008,
1993,3,-0.063,0.006,
1993,4,-0.027,-0.012,
1993,5,-0.017,-0.031,
1993,6,-0.027,-0.026,
1993,7,-0.020,-0.029,
1993,8,-0.042,-0.028,
1993,9,-0.038,-0.019,
1993,10,-0.011,-0.004,
1993,11,0.015,-0.005,
1993,12,0.058,0.005,
1994,1,-0.047,0.001,
1994,2,0.012,-0.008,
1994,3,-0.031,-0.022,
1994,4,-0.033,-0.015,
1994,5,-0.009,-0.025,
1994,6,-0.011,-0.023,
1994,7,-0.040,-0.015,
1994,8,-0.019,-0.014,
1994,9,0.003,-0.003,
1994,10,-0.003,0.022,
1994,11,0.043,0.021,
1994,12,0.084,-0.000,
1995,1,-0.023,0.012,
1995,2,-0.102,0.015,
1995,3,0.056,0.004,
1995,4,0.059,0.003,
1995,5,0.030,0.027,
1995,6,-0.030,0.024,
1995,7,0.021,0.030,
1995,8,0.040,0.036,
1995,9,0.089,0.039,
1995,10,0.062,0.039,
1995,11,-0.019,0.029,
1995,12,0.024,-0.007,
1996,1,-0.010,-0.036,
1996,2,-0.091,-0.037,
1996,3,-0.083,-0.053,
1996,4,-0.026,-0.074,
1996,5,-0.058,-0.071,
1996,6,-0.112,-0.074,
1996,7,-0.077,-0.096,
1996,8,-0.099,-0.096,
1996,9,-0.135,-0.074,
1996,10,-0.056,-0.066,
1996,11,-0.002,-0.049,
1996,12,-0.037,-0.021,
1997,1,-0.014,-0.009,
1997,2,0.003,-0.000,
1997,3,0.008,0.004,
1997,4,0.041,0.008,
1997,5,-0.016,0.003,
1997,6,0.003,-0.002,
1997,7,-0.021,-0.015,
1997,8,-0.015,-0.024,
1997,9,-0.028,-0.044,
1997,10,-0.060,-0.062,
1997,11,-0.094,-0.068,
1997,12,-0.112,-0.061,
1998,1,-0.048,-0.050,
1998,2,0.010,-0.038,
1998,3,-0.006,-0.021,
1998,4,-0.035,-0.020,
1998,5,-0.029,-0.025,
1998,6,-0.043,-0.026,
1998,7,-0.012,-0.020,
1998,8,-0.012,-0.030,
1998,9,-0.004,-0.042,
1998,10,-0.082,-0.046,
1998,11,-0.102,-0.039,
1998,12,-0.032,-0.022,
1999,1,0.024,-0.010,
1999,2,0.081,0.014,
1999,3,-0.021,0.017,
1999,4,0.015,0.009,
1999,5,-0.015,-0.006,
1999,6,-0.017,-0.000,
1999,7,0.008,0.014,
1999,8,0.008,0.021,
1999,9,0.084,0.031,
1999,10,0.024,0.029,
1999,11,0.030,0.025,
1999,12,-0.003,0.006,
2000,1,-0.008,-0.004,
2000,2,-0.013,-0.015,
2000,3,-0.028,-0.025,
2000,4,-0.021,-0.018,
2000,5,-0.054,-0.002,
2000,6,0.025,0.008,
2000,7,0.069,0.013,
2000,8,0.024,0.027,
2000,9,-0.001,0.010,
2000,10,0.019,-0.007,
2000,11,-0.058,-0.031,
2000,12,-0.020,-0.052,
2001,1,-0.096,-0.072,
2001,2,-0.104,-0.078,
2001,3,-0.080,-0.074,
2001,4,-0.093,-0.079,
2001,5,0.003,-0.067,
2001,6,-0.125,-0.056,
2001,7,-0.039,-0.049,
2001,8,-0.025,-0.048,
2001,9,-0.057,-0.018,
2001,10,0.003,-0.008,
2001,11,0.029,-0.017,
2001,12,0.008,-0.006,
2002,1,-0.070,-0.014,
2002,2,0.001,-0.020,
2002,3,-0.037,-0.024,
2002,4,-0.001,-0.001,
2002,5,-0.013,-0.006,
2002,6,0.045,0.006,
2002,7,-0.022,0.009,
2002,8,0.024,0.012,
2002,9,0.010,-0.010,
2002,10,0.001,-0.018,
2002,11,-0.061,-0.041,
2002,12,-0.062,-0.067,
2003,1,-0.094,-0.076,
2003,2,-0.122,-0.063,
2003,3,-0.044,-0.060,
2003,4,0.009,-0.052,
2003,5,-0.047,-0.036,
2003,6,-0.058,-0.032,
2003,7,-0.039,-0.034,
2003,8,-0.023,-0.036,
2003,9,-0.001,-0.026,
2003,10,-0.057,-0.022,
2003,11,-0.011,-0.018,
2003,12,-0.019,-0.018,
2004,1,-0.002,-0.004,
2004,2,-0.001,-0.012,
2004,3,0.015,-0.020,
2004,4,-0.051,-0.030,
2004,5,-0.064,-0.046,
2004,6,-0.047,-0.062,
2004,7,-0.083,-0.058,
2004,8,-0.066,-0.052,
2004,9,-0.030,-0.045,
2004,10,-0.034,-0.045,
2004,11,-0.011,-0.029,
2004,12,-0.083,-0.013,
2005,1,0.014,-0.014,
2005,2,0.052,-0.013,
2005,3,-0.040,0.003,
2005,4,-0.006,0.002,
2005,5,-0.005,-0.006,
2005,6,0.012,-0.001,
2005,7,0.010,0.003,
2005,8,-0.017,0.003,
2005,9,0.013,-0.017,
2005,10,-0.002,-0.040,
2005,11,-0.087,-0.051,
2005,12,-0.106,-0.072,
2006,1,-0.071,-0.077,
2006,2,-0.093,-0.057,
2006,3,-0.027,-0.031,
2006,4,0.012,-0.026,
2006,5,0.024,-0.023,
2006,6,-0.045,-0.021,
2006,7,-0.080,-0.032,
2006,8,-0.019,-0.039,
2006,9,-0.042,-0.039,
2006,10,-0.010,-0.026,
2006,11,-0.044,-0.022,
2006,12,-0.017,-0.026,
2007,1,0.001,-0.027,
2007,2,-0.060,-0.024,
2007,3,-0.014,0.002,
2007,4,-0.027,0.007,
2007,5,0.109,0.019,
2007,6,0.031,0.018,
2007,7,-0.001,0.024,
2007,8,-0.021,0.007,
2007,9,0.002,-0.002,
2007,10,0.024,-0.018,
2007,11,-0.016,-0.014,
2007,12,-0.078,-0.029,
2008,1,-0.001,-0.054,
2008,2,-0.074,-0.046,
2008,3,-0.101,-0.033,
2008,4,0.025,-0.041,
2008,5,-0.014,-0.014,
2008,6,-0.043,0.016,
2008,7,0.062,0.039,
2008,8,0.049,0.047,
2008,9,0.140,0.051,
2008,10,0.026,0.021,
2008,11,-0.023,-0.018,
2008,12,-0.085,-0.070,
2009,1,-0.146,-0.077,
2009,2,-0.124,-0.082,
2009,3,-0.008,-0.069,
2009,4,-0.048,-0.040,
2009,5,-0.021,-0.027,
2009,6,-0.001,-0.020,
2009,7,-0.056,0.009,
2009,8,0.025,0.015,
2009,9,0.099,0.026,
2009,10,0.010,0.047,
2009,11,0.051,0.040,
2009,12,0.051,0.021,
2010,1,-0.010,0.004,
2010,2,0.005,-0.016,
2010,3,-0.074,-0.037,
2010,4,-0.050,-0.035,
2010,5,-0.055,-0.036,
2010,6,0.002,-0.021,
2010,7,-0.005,0.002,
2010,8,0.005,0.004,
2010,9,0.064,-0.004,
2010,10,-0.045,-0.015,
2010,11,-0.037,-0.034,
2010,12,-0.060,-0.072,
2011,1,-0.093,-0.080,
2011,2,-0.123,-0.085,
2011,3,-0.085,-0.084,
2011,4,-0.067,-0.063,
2011,5,-0.055,-0.035,
2011,6,0.015,-0.010,
2011,7,0.018,0.002,
2011,8,0.037,0.008,
2011,9,-0.003,0.007,
2011,10,-0.026,0.005,
2011,11,0.008,-0.011,
2011,12,0.010,-0.002,
2012,1,-0.043,0.011,
2012,2,0.040,0.014,
2012,3,0.040,0.018,
2012,4,0.022,0.040,
2012,5,0.031,0.035,
2012,6,0.066,0.026,
2012,7,0.015,0.001,
2012,8,-0.004,-0.015,
2012,9,-0.102,-0.012,
2012,10,-0.049,-0.004,
2012,11,0.077,0.003,
2012,12,0.055,0.029,
2013,1,0.033,0.046,
2013,2,0.029,0.028,
2013,3,0.035,0.019,
2013,4,-0.011,0.009,
2013,5,0.008,0.011,
2013,6,-0.014,0.006,
2013,7,0.038,0.011,
2013,8,0.008,0.013,
2013,9,0.013,0.024,
2013,10,0.020,0.025,
2013,11,0.043,0.030,
2013,12,0.039,0.040,
2014,1,0.037,0.038,
2014,2,0.060,0.030,
2014,3,0.009,0.031,
2014,4,0.003,0.020,
2014,5,0.045,0.011,
2014,6,-0.020,0.020,
2014,7,0.016,0.023,
2014,8,0.053,0.015,
2014,9,0.022,0.026,
2014,10,0.005,
2014,11,0.034,
2015,2,0.064,
2015,3,-0.011,
2015,4,0.023,0.020,
2015,5,0.037,0.009,
2015,6,-0.013,0.023,
2015,7,0.012,0.030,
2015,8,0.059,0.048,
2015,9,0.054,0.061,
2015,10,0.130,0.079,
2015,11,0.051,0.090,
2015,12,0.100,0.097,
2016,1,0.116,0.078,
2016,2,0.087,0.082,
2016,3,0.036,0.069,
2016,4,0.068,0.041,
2016,5,0.036,0.020,
2016,6,-0.023,0.014,
2016,7,-0.019,-0.008,
2016,8,0.009,-0.001,
2016,9,-0.043,0.018,
2016,10,0.069,0.028,
2016,11,0.076,0.035,
2016,12,0.027,0.042,
2017,1,0.044,0.031,
2017,2,-0.009,0.032,
2017,3,0.015,0.026,
2017,4,0.081,0.025,
2017,5,0.001,0.037,
2017,6,0.039,0.029,
2017,7,0.048,0.023,
2017,8,-0.023,0.035,
2017,9,0.049,0.031,
2017,10,0.062,0.027,
2017,11,0.020,0.031,
2017,12,0.026,0.013,
2018,1,-0.001,0.017,
2018,2,-0.041,0.013,
2018,3,0.080,-0.007,
2018,4,0.003,-0.016,
2018,5,-0.074,-0.008,
2018,6,-0.049,-0.029,
2018,7,-0.002,-0.034,
2018,8,-0.022,-0.030,
2018,9,-0.024,-0.026,
2018,10,-0.053,-0.017,
2018,11,-0.029,-0.008,
2018,12,0.043,0.006,
2019,1,0.023,0.039,
2019,2,0.047,0.053,
2019,3,0.109,0.046,
2019,4,0.043,0.053,
2019,5,0.005,0.059,
2019,6,0.059,0.049,
2019,7,0.079,0.059,
2019,8,0.056,0.088,
2019,9,0.096,0.100,
2019,10,0.150,0.096,
2019,11,0.117,0.094,
2019,12,0.061,0.078,
2020,1,0.048,0.050,
2020,2,0.017,0.038,
2020,3,0.010,0.033,
2020,4,0.055,0.039,
2020,5,0.037,0.046,
2020,6,0.077,0.058,
2020,7,0.053,0.069,
2020,8,0.067,0.083,
2020,9,0.114,0.088,
2020,10,0.106,0.078,
2020,11,0.099,0.065,
2020,12,0.005,0.047,
2021,1,-0.001,0.037,
2021,2,0.027,0.029,
2021,3,0.056,0.029,
2021,4,0.056,0.025,
2021,5,0.006,0.021,
2021,6,-0.021,0.023,
2021,7,0.009,0.013,
2021,8,0.063,0.011,
2021,9,0.006,0.029,
2021,10,-0.001,0.041,
2021,11,0.068,0.049,
2021,12,0.071,0.066,
2022,1,0.101,0.078,
2022,2,0.093,0.078,
2022,3,0.057,0.081,
2022,4,0.066,0.071,
2022,5,0.088,0.056,
2022,6,0.049,0.057,
2022,7,0.020,0.068,
2022,8,0.060,0.067,
2022,9,0.120,0.085,
2022,10,0.088,0.108,
2022,11,0.136,0.109,
2022,12,0.134,0.092,
2023,1,0.069,0.099,
2023,2,0.033,0.093,
2023,3,0.123,0.081,
2023,4,0.108,0.080,
2023,5,0.074,0.081,
2023,6,0.062,0.071,
2023,7,0.038,0.062,
2023,8,0.074,0.071,
2023,9,0.060,0.085,
2023,10,0.120,0.103,
2023,11,0.134,0.098,
2023,12,0.128,0.100,
2024,1,0.050,0.081,
2024,2,0.067,0.064,
2024,3,0.025,0.053,
2024,4,0.051,0.056,
2024,5,0.071,0.052,
2024,6,0.065,0.040,
2024,7,0.047,0.056,
2024,8,-0.035,0.056,
2024,9,0.133,0.063,
2024,10,0.072,
2024,11,0.096,
