Interannual variation of monthly mean sea level and the 5-month centered average.
The values are in meters.  The average seasonal cycle and the relative sea level trend have been removed.
Column values are the Year; Month; Interannual Variation; and the 5-month centered average of the Interannual Variation.
Product of NOAAs National Ocean Service / Center for Operational Oceanographic Products and Services (CO-OPS)

Year, Month, Interannual_Variation, Five_Month_Average
1965,4,-0.040,
1965,5,-0.049,
1965,6,-0.021,-0.013,
1965,7,0.004,-0.015,
1965,8,0.041,-0.007,
1965,9,-0.050,-0.002,
1965,10,-0.010,-0.008,
1965,11,0.008,-0.005,
1965,12,-0.026,0.005,
1966,1,0.054,0.004,
1966,2,-0.001,0.008,
1966,3,-0.016,0.036,
1966,4,0.031,0.026,
1966,5,0.111,0.035,
1966,6,0.005,0.048,
1966,7,0.044,0.055,
1966,8,0.049,0.032,
1966,9,0.065,0.023,
1966,10,-0.002,0.016,
1966,11,-0.039,0.009,
1966,12,0.008,-0.003,
1967,1,0.016,-0.010,
1967,2,0.002,0.002,
1967,3,-0.034,0.008,
1967,4,0.017,0.020,
1967,5,0.041,0.027,
1967,6,0.076,0.043,
1967,7,0.034,0.033,
1967,8,0.046,0.015,
1967,9,-0.031,-0.003,
1967,10,-0.049,0.010,
1967,11,-0.015,0.005,
1967,12,0.098,0.015,
1968,1,0.022,0.015,
1968,2,0.020,0.018,
1968,3,-0.053,-0.008,
1968,4,0.005,-0.006,
1968,5,-0.036,0.004,
1968,6,0.035,0.027,
1968,7,0.071,0.025,
1968,8,0.060,0.032,
1968,9,-0.003,0.019,
1968,10,-0.003,0.001,
1968,11,-0.030,-0.011,
1968,12,-0.021,-0.005,
1969,1,0.003,0.007,
1969,2,0.025,0.012,
1969,3,0.057,0.004,
1969,4,-0.005,0.022,
1969,5,-0.061,0.021,
1969,6,0.092,0.022,
1969,7,0.021,0.010,
1969,8,0.063,0.033,
1969,9,-0.065,0.023,
1969,10,0.051,0.032,
1969,11,0.042,0.029,
1969,12,0.067,0.044,
1970,1,0.051,0.065,
1970,2,0.009,0.079,
1970,3,0.156,0.070,
1970,4,0.110,0.074,
1970,5,0.024,0.082,
1970,6,0.071,0.067,
1970,7,0.047,0.037,
1970,8,0.080,0.036,
1970,9,-0.038,0.020,
1970,10,0.020,0.023,
1970,11,-0.007,0.016,
1970,12,0.060,0.031,
1971,1,0.048,0.022,
1971,2,0.036,0.019,
1971,3,-0.028,0.001,
1971,4,-0.021,-0.021,
1971,5,-0.029,-0.033,
1971,6,-0.064,-0.031,
1971,7,-0.026,-0.028,
1971,8,-0.017,-0.008,
1971,9,-0.005,0.026,
1971,10,0.074,0.046,
1971,11,0.102,0.066,
1971,12,0.078,0.067,
1972,1,0.081,0.057,
1972,2,-0.001,0.034,
1972,3,0.024,0.031,
1972,4,-0.010,0.030,
1972,5,0.063,0.028,
1972,6,0.073,0.020,
1972,7,-0.008,0.019,
1972,8,-0.018,0.009,
1972,9,-0.014,0.005,
1972,10,0.013,0.011,
1972,11,0.053,0.029,
1972,12,0.023,0.038,
1973,1,0.071,0.059,
1973,2,0.032,0.060,
1973,3,0.118,0.061,
1973,4,0.057,0.044,
1973,5,0.028,0.039,
1973,6,-0.017,0.020,
1973,7,0.007,0.015,
1973,8,0.024,0.014,
1973,9,0.030,0.033,
1973,10,0.025,0.036,
1973,11,0.080,0.036,
1973,12,0.023,0.033,
1974,1,0.025,0.032,
1974,2,0.014,0.012,
1974,3,0.017,0.017,
1974,4,-0.017,0.031,
1974,5,0.047,0.045,
1974,6,0.093,0.054,
1974,7,0.085,0.069,
1974,8,0.063,0.050,
1974,9,0.057,0.026,
1974,10,-0.046,0.014,
1974,11,-0.028,0.007,
1974,12,0.022,0.018,
1975,1,0.027,0.037,
1975,2,0.113,0.048,
1975,3,0.050,0.058,
1975,4,0.029,0.057,
1975,5,0.070,0.051,
1975,6,0.025,0.046,
1975,7,0.082,0.054,
1975,8,0.026,0.039,
1975,9,0.066,0.032,
1975,10,-0.004,0.025,
1975,11,-0.010,0.004,
1975,12,0.048,-0.029,
1976,1,-0.080,-0.032,
1976,2,-0.098,-0.032,
1976,3,-0.020,-0.034,
1976,4,-0.011,-0.016,
1976,5,0.040,-0.000,
1976,6,0.009,-0.002,
1976,7,-0.019,-0.005,
1976,8,-0.029,-0.032,
1976,9,-0.026,-0.051,
1976,10,-0.096,-0.056,
1976,11,-0.087,-0.057,
1976,12,-0.043,-0.066,
1977,1,-0.035,-0.059,
1977,2,-0.070,-0.061,
1977,3,-0.061,-0.056,
1977,4,-0.097,-0.052,
1977,5,-0.016,-0.048,
1977,6,-0.015,-0.044,
1977,7,-0.050,-0.020,
1977,8,-0.042,-0.037,
1977,9,0.022,-0.044,
1977,10,-0.102,-0.040,
1977,11,-0.047,-0.048,
1977,12,-0.032,-0.062,
1978,1,-0.081,-0.051,
1978,2,-0.047,-0.047,
1978,3,-0.049,-0.044,
1978,4,-0.028,-0.038,
1978,5,-0.014,-0.032,
1978,6,-0.053,-0.026,
1978,7,-0.017,-0.024,
1978,8,-0.018,-0.024,
1978,9,-0.018,-0.006,
1978,10,-0.015,-0.006,
1978,11,0.037,0.010,
1978,12,-0.017,0.019,
1979,1,0.065,0.031,
1979,2,0.026,0.029,
1979,3,0.042,0.030,
1979,4,0.029,0.008,
1979,5,-0.011,-0.002,
1979,6,-0.047,-0.017,
1979,7,-0.024,-0.008,
1979,8,-0.031,-0.002,
1979,9,0.076,-0.005,
1979,10,0.016,-0.001,
1979,11,-0.060,0.021,
1979,12,-0.006,0.021,
1980,1,0.083,0.026,
1980,2,0.074,0.049,
1980,3,0.038,0.057,
1980,4,0.057,0.036,
1980,5,0.031,0.016,
1980,6,-0.023,-0.002,
1980,7,-0.021,-0.027,
1980,8,-0.056,-0.054,
1980,9,-0.065,-0.056,
1980,10,-0.107,-0.060,
1980,11,-0.031,-0.055,
1980,12,-0.039,-0.056,
1981,1,-0.031,-0.040,
1981,2,-0.069,-0.044,
1981,3,-0.029,-0.035,
1981,4,-0.051,-0.037,
1981,5,0.004,-0.020,
1981,6,-0.038,-0.017,
1981,7,0.015,-0.016,
1981,8,-0.016,-0.035,
1981,9,-0.047,-0.027,
1981,10,-0.090,-0.037,
1981,11,0.002,-0.043,
1981,12,-0.037,-0.029,
1982,1,-0.044,-0.009,
1982,2,0.021,-0.009,
1982,3,0.010,-0.010,
1982,4,0.004,0.020,
1982,5,-0.043,0.014,
1982,6,0.107,0.009,
1982,7,-0.007,0.005,
1982,8,-0.017,0.023,
1982,9,-0.017,0.012,
1982,10,0.048,0.035,
1982,11,0.054,0.060,
1982,12,0.105,0.099,
1983,1,0.112,0.138,
1983,2,0.176,0.148,
1983,3,0.241,0.140,
1983,4,0.104,0.124,
1983,5,0.067,0.090,
1983,6,0.034,0.041,
1983,7,0.004,0.017,
1983,8,-0.002,0.014,
1983,9,-0.018,0.024,
1983,10,0.050,0.025,
1983,11,0.086,0.032,
1983,12,0.011,0.038,
1984,1,0.029,0.037,
1984,2,0.011,0.034,
1984,3,0.048,0.028,
1984,4,0.073,0.026,
1984,5,-0.020,0.035,
1984,6,0.021,0.027,
1984,7,0.052,0.006,
1984,8,0.009,0.009,
1984,9,-0.033,0.007,
1984,10,-0.005,0.004,
1984,11,0.013,0.015,
1984,12,0.034,0.018,
1985,1,0.065,0.019,
1985,2,-0.017,0.007,
1985,3,-0.000,0.002,
1985,4,-0.047,-0.015,
1985,5,0.007,-0.011,
1985,6,-0.017,-0.003,
1985,7,0.004,0.004,
1985,8,0.037,0.024,
1985,9,-0.013,0.042,
1985,10,0.107,0.043,
1985,11,0.073,0.037,
1985,12,0.013,0.052,
1986,1,0.003,0.015,
1986,2,0.062,0.009,
1986,3,-0.074,0.029,
1986,4,0.041,0.040,
1986,5,0.111,0.029,
1986,6,0.062,0.044,
1986,7,0.006,0.037,
1986,8,-0.001,0.017,
1986,9,0.009,0.012,
1986,10,0.009,0.022,
1986,11,0.040,0.039,
1986,12,0.052,0.043,
1987,1,0.086,0.060,
1987,2,0.031,0.046,
1987,3,0.092,0.033,
1987,4,-0.032,0.016,
1987,5,-0.012,0.011,
1987,6,0.000,-0.019,
1987,7,0.006,-0.025,
1987,8,-0.057,-0.055,
1987,9,-0.062,-0.056,
1987,10,-0.162,-0.052,
1987,11,-0.004,-0.049,
1987,12,0.024,-0.043,
1988,1,-0.040,-0.020,
1988,2,-0.030,-0.015,
1988,3,-0.048,-0.035,
1988,4,0.019,-0.039,
1988,5,-0.073,-0.050,
1988,6,-0.063,-0.060,
1988,7,-0.087,-0.072,
1988,8,-0.096,-0.067,
1988,9,-0.039,-0.051,
1988,10,-0.051,-0.044,
1988,11,0.016,-0.025,
1988,12,-0.053,-0.020,
1989,1,0.001,-0.009,
1989,2,-0.016,-0.023,
1989,3,0.006,-0.027,
1989,4,-0.051,-0.029,
1989,5,-0.077,-0.029,
1989,6,-0.007,-0.037,
1989,7,-0.017,-0.040,
1989,8,-0.033,-0.044,
1989,9,-0.066,-0.054,
1989,10,-0.099,-0.076,
1989,11,-0.057,-0.089,
1989,12,-0.124,-0.089,
1990,1,-0.099,-0.068,
1990,2,-0.066,-0.064,
1990,3,0.006,-0.033,
1990,4,-0.040,-0.024,
1990,5,0.032,-0.018,
1990,6,-0.052,-0.021,
1990,7,-0.036,-0.029,
1990,8,-0.006,-0.050,
1990,9,-0.082,-0.042,
1990,10,-0.073,-0.041,
1990,11,-0.012,-0.030,
1990,12,-0.035,-0.024,
1991,1,0.049,-0.008,
1991,2,-0.050,-0.002,
1991,3,0.005,0.014,
1991,4,0.021,0.002,
1991,5,0.044,0.016,
1991,6,-0.010,0.012,
1991,7,0.021,0.006,
1991,8,-0.016,-0.003,
1991,9,-0.009,-0.008,
1991,10,-0.003,-0.028,
1991,11,-0.033,-0.023,
1991,12,-0.079,-0.014,
1992,1,0.010,-0.030,
1992,2,0.034,-0.038,
1992,3,-0.083,-0.034,
1992,4,-0.072,-0.020,
1992,5,-0.058,-0.032,
1992,6,0.077,-0.025,
1992,7,-0.024,-0.023,
1992,8,-0.049,-0.009,
1992,9,-0.062,-0.039,
1992,10,0.012,-0.044,
1992,11,-0.074,-0.027,
1992,12,-0.045,-0.003,
1993,1,0.036,-0.016,
1993,2,0.055,-0.005,
1993,3,-0.051,-0.005,
1993,4,-0.021,-0.031,
1993,5,-0.046,-0.057,
1993,6,-0.091,-0.062,
1993,7,-0.077,-0.071,
1993,8,-0.075,-0.054,
1993,9,-0.068,-0.051,
1993,10,0.042,-0.038,
1993,11,-0.074,-0.040,
1993,12,-0.016,-0.031,
1994,1,-0.083,-0.039,
1994,2,-0.022,-0.033,
1994,3,0.000,-0.039,
1994,4,-0.042,-0.035,
1994,5,-0.046,-0.043,
1994,6,-0.064,-0.054,
1994,7,-0.065,-0.050,
1994,8,-0.054,-0.034,
1994,9,-0.023,-0.023,
1994,10,0.035,-0.004,
1994,11,-0.008,0.006,
1994,12,0.032,-0.004,
1995,1,-0.008,-0.004,
1995,2,-0.073,0.017,
1995,3,0.035,0.019,
1995,4,0.100,0.019,
1995,5,0.042,0.037,
1995,6,-0.007,0.063,
1995,7,0.013,0.072,
1995,8,0.165,0.094,
1995,9,0.144,0.094,
1995,10,0.156,0.094,
1995,11,-0.008,0.065,
1995,12,0.012,0.027,
1996,1,0.021,-0.018,
1996,2,-0.045,-0.027,
1996,3,-0.072,-0.046,
1996,4,-0.051,-0.066,
1996,5,-0.083,-0.066,
1996,6,-0.081,-0.068,
1996,7,-0.045,-0.073,
1996,8,-0.079,-0.061,
1996,9,-0.079,-0.061,
1996,10,-0.023,-0.064,
1996,11,-0.078,-0.059,
1996,12,-0.064,-0.050,
1997,1,-0.049,-0.048,
1997,2,-0.038,-0.032,
1997,3,-0.010,
1997,4,0.001,
1997,12,-0.026,
1998,1,0.020,
1998,2,0.150,0.046,
1998,3,0.059,0.053,
1998,4,0.025,0.037,
1998,5,0.009,-0.006,
1998,6,-0.060,-0.031,
1998,7,-0.064,-0.034,
1998,8,-0.066,-0.052,
1998,9,0.013,-0.050,
1998,10,-0.082,-0.044,
1998,11,-0.049,-0.029,
1998,12,-0.037,-0.019,
1999,1,0.013,-0.002,
1999,2,0.062,0.012,
1999,3,0.002,0.022,
1999,4,0.021,0.010,
1999,5,0.010,-0.003,
1999,6,-0.044,-0.001,
1999,7,-0.005,0.010,
1999,8,0.014,0.006,
1999,9,0.076,0.011,
1999,10,-0.011,0.005,
1999,11,-0.019,-0.004,
1999,12,-0.033,-0.032,
2000,1,-0.032,-0.026,
2000,2,-0.063,-0.023,
2000,3,0.016,-0.016,
2000,4,-0.002,-0.019,
2000,5,-0.000,-0.002,
2000,6,-0.044,-0.015,
2000,7,0.020,-0.019,
2000,8,-0.049,-0.031,
2000,9,-0.020,-0.026,
2000,10,-0.062,-0.048,
2000,11,-0.019,-0.068,
2000,12,-0.089,-0.090,
2001,1,-0.147,-0.089,
2001,2,-0.134,-0.107,
2001,3,-0.054,-0.105,
2001,4,-0.112,-0.104,
2001,5,-0.076,-0.081,
2001,6,-0.146,-0.080,
2001,7,-0.019,-0.054,
2001,8,-0.047,-0.055,
2001,9,0.019,-0.027,
2001,10,-0.081,-0.023,
2001,11,-0.008,-0.025,
2001,12,0.003,-0.041,
2002,1,-0.058,-0.043,
2002,2,-0.058,-0.049,
2002,3,-0.094,-0.059,
2002,4,-0.035,-0.043,
2002,5,-0.050,-0.030,
2002,6,0.023,-0.015,
2002,7,0.004,0.002,
2002,8,-0.016,0.020,
2002,9,0.052,0.005,
2002,10,0.035,-0.008,
2002,11,-0.050,-0.017,
2002,12,-0.058,-0.037,
2003,1,-0.063,-0.035,
2003,2,-0.049,-0.023,
2003,3,0.044,-0.010,
2003,4,0.009,0.005,
2003,5,0.008,0.016,
2003,6,0.013,0.003,
2003,7,0.004,0.002,
2003,8,-0.020,0.002,
2003,9,0.007,-0.002,
2003,10,0.007,-0.011,
2003,11,-0.009,-0.006,
2003,12,-0.043,-0.011,
2004,1,0.009,-0.022,
2004,2,-0.020,-0.030,
2004,3,-0.047,-0.033,
2004,4,-0.052,-0.041,
2004,5,-0.053,-0.045,
2004,6,-0.031,-0.035,
2004,7,-0.040,-0.024,
2004,8,0.002,-0.007,
2004,9,0.004,0.004,
2004,10,0.029,-0.007,
2004,11,0.026,-0.008,
2004,12,-0.096,0.006,
2005,1,-0.003,-0.002,
2005,2,0.074,-0.006,
2005,3,-0.014,0.020,
2005,4,0.011,0.034,
2005,5,0.034,0.034,
2005,6,0.066,0.041,
2005,7,0.071,0.037,
2005,8,0.021,0.025,
2005,9,-0.010,0.013,
2005,10,-0.022,-0.005,
2005,11,0.005,-0.018,
2005,12,-0.017,-0.027,
2006,1,-0.045,-0.026,
2006,2,-0.054,-0.034,
2006,3,-0.021,-0.028,
2006,4,-0.033,-0.030,
2006,5,0.011,-0.036,
2006,6,-0.054,-0.042,
2006,7,-0.084,-0.027,
2006,8,-0.049,-0.039,
2006,9,0.040,-0.041,
2006,10,-0.047,-0.037,
2006,11,-0.065,-0.034,
2006,12,-0.062,-0.059,
2007,1,-0.036,-0.070,
2007,2,-0.085,-0.074,
2007,3,-0.103,-0.063,
2007,4,-0.083,-0.058,
2007,5,-0.008,-0.046,
2007,6,-0.010,-0.034,
2007,7,-0.028,-0.031,
2007,8,-0.043,-0.036,
2007,9,-0.064,-0.046,
2007,10,-0.033,-0.048,
2007,11,-0.059,-0.057,
2007,12,-0.038,-0.059,
2008,1,-0.091,-0.075,
2008,2,-0.071,-0.071,
2008,3,-0.117,-0.066,
2008,4,-0.037,-0.064,
2008,5,-0.016,-0.047,
2008,6,-0.078,-0.014,
2008,7,0.012,0.005,
2008,8,0.048,0.004,
2008,9,0.060,0.011,
2008,10,-0.021,-0.006,
2008,11,-0.045,-0.040,
2008,12,-0.073,-0.078,
2009,1,-0.123,-0.080,
2009,2,-0.127,-0.079,
2009,3,-0.030,-0.068,
2009,4,-0.043,-0.036,
2009,5,-0.015,-0.005,
2009,6,0.037,-0.001,
2009,7,0.025,0.021,
2009,8,-0.011,0.027,
2009,9,0.070,0.024,
2009,10,0.012,0.027,
2009,11,0.023,0.024,
2009,12,0.043,0.008,
2010,1,-0.028,
2010,2,-0.011,
2010,4,-0.047,
2010,5,-0.008,
2010,7,-0.005,
2010,8,0.008,
2010,9,-0.006,-0.024,
2010,10,-0.066,-0.045,
2010,11,-0.049,-0.062,
2010,12,-0.111,
2011,1,-0.079,
2011,4,-0.038,
2011,5,-0.045,
2011,6,-0.058,
2011,7,-0.003,
2011,10,-0.059,
2011,11,-0.036,
2011,12,-0.028,-0.036,
2012,1,-0.056,-0.027,
2012,2,-0.003,-0.016,
2012,3,-0.012,-0.004,
2012,4,0.021,0.028,
2012,5,0.029,0.031,
2012,6,0.103,0.041,
2012,7,0.015,0.031,
2012,8,0.038,0.026,
2012,9,-0.031,0.012,
2012,10,0.005,0.018,
2012,11,0.034,0.014,
2012,12,0.042,0.022,
2013,1,0.019,0.015,
2013,2,0.011,-0.001,
2013,3,-0.033,-0.018,
2013,4,-0.043,-0.025,
2013,5,-0.042,-0.009,
2013,6,-0.021,0.008,
2013,7,0.092,0.025,
2013,8,0.054,0.038,
2013,9,0.039,0.035,
2013,10,0.024,0.021,
2013,11,-0.032,0.005,
2013,12,0.018,0.009,
2014,1,-0.025,0.006,
2014,2,0.058,0.016,
2014,3,0.013,0.013,
2014,4,0.018,0.012,
2014,5,-0.001,-0.006,
2014,6,-0.030,-0.009,
2014,7,-0.029,-0.013,
2014,8,-0.006,-0.010,
2014,9,0.003,-0.008,
2014,10,0.010,0.016,
2014,11,-0.020,0.023,
2014,12,0.095,0.026,
2015,1,0.029,0.020,
2015,2,0.017,0.030,
2015,3,-0.022,0.007,
2015,4,0.032,-0.010,
2015,5,-0.024,-0.012,
2015,6,-0.052,-0.002,
2015,7,0.003,-0.004,
2015,8,0.030,0.023,
2015,9,0.023,0.042,
2015,10,0.112,0.062,
2015,11,0.044,0.085,
2015,12,0.101,0.106,
2016,1,0.147,0.091,
2016,2,0.126,0.093,
2016,3,0.038,0.088,
2016,4,0.053,0.073,
2016,5,0.075,0.048,
2016,6,0.074,0.040,
2016,7,0.000,0.038,
2016,8,-0.000,0.023,
2016,9,0.042,0.017,
2016,10,0.001,0.015,
2016,11,0.044,0.024,
2016,12,-0.009,0.013,
2017,1,0.046,-0.004,
2017,2,-0.018,-0.010,
2017,3,-0.085,-0.007,
2017,4,0.016,-0.010,
2017,5,0.006,-0.006,
2017,6,0.031,0.020,
2017,7,0.004,0.032,
2017,8,0.045,0.051,
2017,9,0.074,0.057,
2017,10,0.102,0.064,
2017,11,0.058,0.034,
2017,12,0.042,0.016,
2018,1,-0.103,0.006,
2018,2,-0.016,-0.007,
2018,3,0.051,-0.017,
2018,4,-0.009,-0.002,
2018,5,-0.008,0.006,
2018,6,-0.026,-0.007,
2018,7,0.023,-0.006,
2018,8,-0.015,-0.008,
2018,9,-0.006,-0.008,
2018,10,-0.017,-0.004,
2018,11,-0.027,-0.004,
2018,12,0.042,0.005,
2019,1,-0.012,0.016,
2019,2,0.039,0.030,
2019,3,0.035,0.027,
2019,4,0.048,0.036,
2019,5,0.026,0.035,
2019,6,0.033,0.037,
2019,7,0.036,0.016,
2019,8,0.043,0.038,
2019,9,-0.056,0.049,
2019,10,0.133,0.049,
2019,11,0.089,0.045,
2019,12,0.036,0.055,
2020,1,0.025,0.023,
2020,2,-0.010,0.022,
2020,3,-0.026,0.009,
2020,4,0.083,0.010,
2020,5,-0.028,0.011,
2020,6,0.032,0.018,
2020,7,-0.009,0.014,
2020,8,0.012,0.042,
2020,9,0.061,0.049,
2020,10,0.111,0.051,
2020,11,0.071,0.052,
2020,12,0.001,0.052,
2021,1,0.013,0.034,
2021,2,0.062,0.027,
2021,3,0.023,0.018,
2021,4,0.038,0.012,
2021,5,-0.047,-0.003,
2021,6,-0.017,-0.004,
2021,7,-0.015,-0.010,
2021,8,0.021,0.014,
2021,9,0.009,0.029,
2021,10,0.073,0.049,
2021,11,0.059,0.064,
2021,12,0.085,0.071,
2022,1,0.093,0.061,
2022,2,0.043,0.052,
2022,3,0.026,0.050,
2022,4,0.014,0.041,
2022,5,0.074,0.032,
2022,6,0.049,0.031,
2022,7,-0.002,0.050,
2022,8,0.021,0.047,
2022,9,0.109,0.054,
2022,10,0.060,0.073,
2022,11,0.081,0.080,
2022,12,0.094,0.063,
2023,1,0.058,0.073,
2023,2,0.024,0.072,
2023,3,0.107,0.063,
2023,4,0.078,0.072,
2023,5,0.048,0.067,
2023,6,0.102,0.052,
2023,7,0.001,0.034,
2023,8,0.029,0.040,
2023,9,-0.010,0.032,
2023,10,0.078,0.042,
2023,11,0.065,0.043,
2023,12,0.049,0.060,
2024,1,0.037,0.056,
2024,2,0.072,0.047,
2024,3,0.059,0.052,
2024,4,0.016,0.057,
2024,5,0.074,0.047,
2024,6,0.062,0.040,
2024,7,0.023,0.069,
2024,8,0.027,0.065,
2024,9,0.160,0.067,
2024,10,0.054,
2024,11,0.072,
