Interannual variation of monthly mean sea level and the 5-month centered average.
The values are in meters.  The average seasonal cycle and the relative sea level trend have been removed.
Column values are the Year; Month; Interannual Variation; and the 5-month centered average of the Interannual Variation.
Product of NOAAs National Ocean Service / Center for Operational Oceanographic Products and Services (CO-OPS)

Year, Month, Interannual_Variation, Five_Month_Average
1976,6,0.089,
1976,7,0.049,
1976,8,0.004,
1976,11,-0.039,
1976,12,0.031,
1977,1,0.043,
1977,3,0.034,
1977,4,-0.016,
1977,5,0.064,0.037,
1977,6,0.071,
1977,7,0.030,
1977,9,0.099,
1990,6,0.004,
1990,7,0.006,
1990,8,0.026,-0.008,
1990,9,-0.048,-0.003,
1990,10,-0.029,-0.004,
1990,11,0.031,0.006,
1990,12,-0.000,0.015,
1991,1,0.075,0.028,
1991,2,-0.002,0.033,
1991,3,0.038,0.048,
1991,4,0.054,0.035,
1991,5,0.076,0.041,
1991,6,0.007,0.033,
1991,7,0.030,
1991,8,-0.001,
1994,5,-0.031,
1995,2,-0.076,
1995,3,0.004,
1995,4,0.042,0.002,
1995,5,0.051,0.019,
1995,6,-0.010,0.039,
1995,7,0.008,
1995,8,0.105,
1996,3,-0.058,
1996,4,-0.045,
1996,5,-0.065,-0.061,
1996,6,-0.088,-0.059,
1996,7,-0.049,
1996,8,-0.048,
1999,1,0.057,
1999,2,0.113,
1999,3,0.060,0.063,
1999,4,0.047,0.047,
1999,5,0.038,0.025,
1999,6,-0.025,0.016,
1999,7,0.004,0.021,
1999,8,0.018,0.010,
1999,9,0.070,0.010,
1999,10,-0.018,0.005,
1999,11,-0.025,-0.001,
1999,12,-0.018,-0.017,
2000,1,-0.011,-0.003,
2000,2,-0.014,0.004,
2000,3,0.053,0.004,
2000,4,0.012,0.005,
2000,5,-0.020,0.007,
2000,6,-0.006,-0.007,
2000,7,-0.002,-0.012,
2000,8,-0.017,-0.017,
2000,9,-0.012,-0.014,
2000,10,-0.047,-0.026,
2000,11,0.007,-0.045,
2000,12,-0.063,-0.060,
2001,1,-0.110,-0.053,
2001,2,-0.088,-0.068,
2001,3,-0.012,-0.064,
2001,4,-0.066,-0.063,
2001,5,-0.045,-0.050,
2001,6,-0.103,-0.056,
2001,7,-0.024,-0.048,
2001,8,-0.043,-0.043,
2001,9,-0.027,-0.011,
2001,10,-0.017,0.011,
2001,11,0.054,0.024,
2001,12,0.086,0.023,
2002,1,0.027,0.000,
2002,2,-0.034,-0.015,
2002,3,-0.131,-0.037,
2002,4,-0.021,-0.041,
2002,5,-0.025,-0.040,
2002,6,0.009,-0.017,
2002,7,-0.029,-0.005,
2002,8,-0.019,0.006,
2002,9,0.039,-0.007,
2002,10,0.032,-0.014,
2002,11,-0.059,-0.020,
2002,12,-0.063,-0.032,
2003,1,-0.050,-0.028,
2003,2,-0.022,-0.010,
2003,3,0.055,0.004,
2003,4,0.029,0.013,
2003,5,0.006,0.022,
2003,6,-0.002,0.010,
2003,7,0.023,0.008,
2003,8,-0.007,0.008,
2003,9,0.018,0.012,
2003,10,0.008,0.004,
2003,11,0.018,0.011,
2003,12,-0.016,0.007,
2004,1,0.026,0.005,
2004,2,-0.003,-0.004,
2004,3,-0.002,-0.005,
2004,4,-0.027,-0.009,
2004,5,-0.017,-0.013,
2004,6,0.007,-0.021,
2004,7,-0.023,-0.020,
2004,8,-0.046,-0.020,
2004,9,-0.020,-0.016,
2004,10,-0.017,-0.029,
2004,11,0.023,-0.016,
2004,12,-0.087,0.008,
2005,1,0.020,0.009,
2005,2,0.098,0.006,
2005,3,-0.008,0.026,
2005,4,0.007,0.026,
2005,5,0.012,0.010,
2005,6,0.021,0.008,
2005,7,0.020,0.006,
2005,8,-0.019,-0.007,
2005,9,-0.006,-0.021,
2005,10,-0.049,-0.037,
2005,11,-0.050,-0.039,
2005,12,-0.060,-0.042,
2006,1,-0.029,-0.032,
2006,2,-0.021,-0.027,
2006,3,0.001,-0.013,
2006,4,-0.024,-0.014,
2006,5,0.009,-0.024,
2006,6,-0.032,-0.033,
2006,7,-0.073,-0.030,
2006,8,-0.046,-0.038,
2006,9,-0.006,-0.044,
2006,10,-0.032,-0.039,
2006,11,-0.062,-0.033,
2006,12,-0.052,-0.039,
2007,1,-0.015,-0.043,
2007,2,-0.035,-0.042,
2007,3,-0.050,-0.026,
2007,4,-0.057,-0.020,
2007,5,0.027,-0.014,
2007,6,0.014,-0.007,
2007,7,-0.006,-0.005,
2007,8,-0.011,-0.012,
2007,9,-0.048,-0.025,
2007,10,-0.010,-0.027,
2007,11,-0.048,-0.035,
2007,12,-0.020,-0.031,
2008,1,-0.046,-0.043,
2008,2,-0.030,-0.038,
2008,3,-0.072,-0.034,
2008,4,-0.020,-0.033,
2008,5,0.001,-0.024,
2008,6,-0.045,-0.010,
2008,7,0.015,0.006,
2008,8,-0.000,-0.002,
2008,9,0.059,-0.002,
2008,10,-0.037,
2008,11,-0.046,
2009,2,-0.087,
2009,3,0.008,
2009,4,-0.030,-0.021,
2009,5,-0.026,0.003,
2009,6,0.032,-0.000,
2009,7,0.030,0.019,
2009,8,-0.008,0.026,
2009,9,0.065,0.027,
2009,10,0.013,
2009,11,0.033,
2010,4,-0.056,
2010,5,-0.026,
2010,6,-0.001,-0.016,
2010,7,-0.003,-0.001,
2010,8,0.007,-0.009,
2010,9,0.018,-0.017,
2010,10,-0.065,-0.038,
2010,11,-0.045,-0.055,
2010,12,-0.107,
2011,1,-0.076,
2011,4,-0.029,
2011,5,-0.030,
2011,6,-0.019,-0.010,
2011,7,0.025,-0.013,
2011,8,0.002,-0.028,
2011,9,-0.044,-0.034,
2011,10,-0.106,-0.046,
2011,11,-0.047,-0.056,
2011,12,-0.034,-0.046,
2012,1,-0.047,-0.022,
2012,2,0.005,-0.008,
2012,3,0.013,0.004,
2012,4,0.022,0.035,
2012,5,0.026,0.040,
2012,6,0.112,0.043,
2012,7,0.028,0.028,
2012,8,0.029,0.014,
2012,9,-0.053,-0.005,
2012,10,-0.048,-0.007,
2012,11,0.016,-0.011,
2012,12,0.022,0.003,
2013,1,0.008,0.012,
2013,2,0.017,0.003,
2013,3,-0.004,-0.009,
2013,4,-0.026,-0.013,
2013,5,-0.039,-0.010,
2013,6,-0.015,-0.010,
2013,7,0.036,-0.005,
2013,8,-0.006,0.005,
2013,9,-0.003,0.006,
2013,10,0.011,0.003,
2013,11,-0.009,0.002,
2013,12,0.021,0.011,
2014,1,-0.010,0.010,
2014,2,0.044,0.013,
2014,3,0.002,0.007,
2014,4,0.007,0.006,
2014,5,-0.005,-0.009,
2014,6,-0.016,-0.015,
2014,7,-0.034,-0.021,
2014,8,-0.024,-0.023,
2014,9,-0.023,-0.026,
2014,10,-0.019,-0.004,
2014,11,-0.033,0.003,
2014,12,0.079,0.012,
2015,1,0.012,0.009,
2015,2,0.020,0.016,
2015,3,-0.033,-0.005,
2015,4,0.002,-0.016,
2015,5,-0.027,-0.020,
2015,6,-0.041,-0.010,
2015,7,0.001,-0.012,
2015,8,0.017,0.011,
2015,9,-0.011,0.027,
2015,10,0.091,0.046,
2015,11,0.040,0.065,
2015,12,0.094,0.077,
2016,1,0.110,0.061,
2016,2,0.050,0.061,
2016,3,0.013,0.051,
2016,4,0.040,0.033,
2016,5,0.045,0.020,
2016,6,0.018,0.018,
2016,7,-0.013,0.014,
2016,8,0.003,-0.001,
2016,9,0.018,0.003,
2016,10,-0.032,0.004,
2016,11,0.038,0.013,
2016,12,-0.009,0.005,
2017,1,0.051,-0.002,
2017,2,-0.023,-0.006,
2017,3,-0.066,-0.008,
2017,4,0.017,-0.019,
2017,5,-0.019,-0.016,
2017,6,-0.002,-0.003,
2017,7,-0.012,-0.011,
2017,8,0.002,-0.004,
2017,9,-0.023,-0.008,
2017,10,0.017,-0.008,
2017,11,-0.025,-0.031,
2017,12,-0.010,-0.028,
2018,1,-0.111,-0.020,
2018,2,-0.013,-0.020,
2018,3,0.058,-0.023,
2018,4,-0.025,-0.015,
2018,5,-0.023,-0.014,
2018,6,-0.071,-0.028,
2018,7,-0.006,-0.027,
2018,8,-0.016,-0.025,
2018,9,-0.020,-0.019,
2018,10,-0.010,-0.011,
2018,11,-0.042,-0.011,
2018,12,0.033,-0.001,
2019,1,-0.019,0.009,
2019,2,0.034,0.024,
2019,3,0.038,0.023,
2019,4,0.033,0.035,
2019,5,0.031,0.036,
2019,6,0.040,0.029,
2019,7,0.037,0.016,
2019,8,0.005,0.036,
2019,9,-0.034,0.044,
2019,10,0.134,0.043,
2019,11,0.080,0.049,
2019,12,0.029,0.053,
2020,1,0.035,0.019,
2020,2,-0.012,0.008,
2020,3,-0.039,-0.011,
2020,4,0.026,-0.020,
2020,5,-0.066,-0.026,
2020,6,-0.010,-0.020,
2020,7,-0.039,-0.018,
2020,8,-0.010,0.011,
2020,9,0.037,0.020,
2020,10,0.078,0.021,
2020,11,0.031,0.025,
2020,12,-0.029,0.027,
2021,1,0.005,0.016,
2021,2,0.050,0.016,
2021,3,0.025,0.013,
2021,4,0.028,
2021,5,-0.045,
2021,7,-0.017,
2021,8,0.021,
2021,9,-0.016,0.015,
2021,10,0.059,0.030,
2021,11,0.029,0.041,
2021,12,0.056,0.053,
2022,1,0.079,0.046,
2022,2,0.043,0.043,
2022,3,0.023,0.044,
2022,4,0.013,0.034,
2022,5,0.062,0.027,
2022,6,0.028,0.027,
2022,7,0.008,0.022,
2022,8,0.025,0.013,
2022,9,-0.010,0.019,
2022,10,0.014,0.034,
2022,11,0.058,0.038,
2022,12,0.081,0.043,
2023,1,0.046,0.059,
2023,2,0.013,0.060,
2023,3,0.099,0.048,
2023,4,0.061,0.055,
2023,5,0.023,0.049,
2023,6,0.078,0.031,
2023,7,-0.017,0.012,
2023,8,0.009,0.014,
2023,9,-0.033,0.006,
2023,10,0.033,0.018,
2023,11,0.041,0.016,
2023,12,0.039,0.030,
2024,1,0.002,0.027,
2024,2,0.034,0.019,
2024,3,0.018,0.019,
2024,4,0.005,0.024,
2024,5,0.038,0.016,
2024,6,0.025,0.013,
2024,7,-0.003,0.035,
2024,8,0.002,0.027,
2024,9,0.112,0.035,
2024,10,0.000,
2024,11,0.061,
