Interannual variation of monthly mean sea level and the 5-month centered average.
The values are in meters.  The average seasonal cycle and the relative sea level trend have been removed.
Column values are the Year; Month; Interannual Variation; and the 5-month centered average of the Interannual Variation.
Product of NOAAs National Ocean Service / Center for Operational Oceanographic Products and Services (CO-OPS)

Year, Month, Interannual_Variation, Five_Month_Average
1976,10,-0.048,
1976,12,0.024,
1977,1,0.026,
1977,2,-0.030,
1977,3,0.033,
1991,1,0.099,
1991,2,0.001,
1991,3,0.061,0.064,
1991,4,0.068,
1991,5,0.090,
1995,4,0.050,
1995,5,0.075,
1996,3,-0.054,
1996,4,-0.024,
1996,5,-0.042,-0.045,
1996,6,-0.077,-0.040,
1996,7,-0.029,-0.039,
1996,8,-0.029,-0.028,
1996,9,-0.018,
1996,10,0.011,
1999,1,0.072,
1999,2,0.120,
1999,3,0.065,0.074,
1999,4,0.059,0.056,
1999,5,0.056,0.036,
1999,6,-0.018,0.032,
1999,7,0.018,0.039,
1999,8,0.048,0.026,
1999,9,0.092,0.027,
1999,10,-0.010,0.028,
1999,11,-0.015,0.032,
1999,12,0.027,0.025,
2000,1,0.065,0.040,
2000,2,0.058,0.052,
2000,3,0.066,0.050,
2000,4,0.043,0.038,
2000,5,0.016,0.038,
2000,6,0.007,0.026,
2000,7,0.060,0.021,
2000,8,0.004,0.009,
2000,9,0.019,0.015,
2000,10,-0.044,-0.008,
2000,11,0.037,-0.029,
2000,12,-0.059,-0.049,
2001,1,-0.097,-0.039,
2001,2,-0.080,-0.060,
2001,3,0.006,-0.047,
2001,4,-0.068,-0.037,
2001,5,0.003,-0.014,
2001,6,-0.045,-0.013,
2001,7,0.034,0.003,
2001,8,0.013,-0.003,
2001,9,0.009,0.016,
2001,10,-0.028,0.029,
2001,11,0.052,0.029,
2001,12,0.096,0.027,
2002,1,0.014,0.023,
2002,2,-0.002,0.012,
2002,3,-0.047,-0.012,
2002,4,-0.003,-0.011,
2002,5,-0.021,-0.016,
2002,6,0.015,-0.008,
2002,7,-0.024,0.004,
2002,8,-0.006,0.017,
2002,9,0.057,0.004,
2002,10,0.044,-0.002,
2002,11,-0.052,-0.011,
2002,12,-0.055,-0.028,
2003,1,-0.049,-0.026,
2003,2,-0.026,-0.009,
2003,3,0.053,0.005,
2003,4,0.032,0.015,
2003,5,0.016,0.023,
2003,6,-0.002,0.012,
2003,7,0.018,0.009,
2003,8,-0.004,0.008,
2003,9,0.018,0.011,
2003,10,0.010,0.002,
2003,11,0.014,0.007,
2003,12,-0.027,-0.000,
2004,1,0.021,-0.007,
2004,2,-0.018,-0.016,
2004,3,-0.025,-0.015,
2004,4,-0.032,-0.018,
2004,5,-0.021,-0.016,
2004,6,0.009,-0.016,
2004,7,-0.012,-0.010,
2004,8,-0.023,-0.004,
2004,9,-0.002,0.003,
2004,10,0.007,-0.012,
2004,11,0.045,-0.004,
2004,12,-0.089,0.016,
2005,1,0.019,0.014,
2005,2,0.098,0.006,
2005,3,-0.003,0.026,
2005,4,0.006,0.026,
2005,5,0.011,0.010,
2005,6,0.017,0.007,
2005,7,0.017,0.004,
2005,8,-0.016,-0.011,
2005,9,-0.012,-0.023,
2005,10,-0.063,-0.039,
2005,11,-0.042,-0.041,
2005,12,-0.065,-0.044,
2006,1,-0.023,-0.033,
2006,2,-0.029,-0.031,
2006,3,-0.007,-0.016,
2006,4,-0.031,-0.018,
2006,5,0.011,-0.029,
2006,6,-0.035,-0.036,
2006,7,-0.083,-0.029,
2006,8,-0.043,-0.038,
2006,9,0.006,-0.044,
2006,10,-0.034,-0.041,
2006,11,-0.067,-0.037,
2006,12,-0.066,-0.050,
2007,1,-0.026,-0.060,
2007,2,-0.057,-0.063,
2007,3,-0.085,-0.048,
2007,4,-0.083,-0.045,
2007,5,0.008,-0.039,
2007,6,-0.008,-0.027,
2007,7,-0.025,-0.023,
2007,8,-0.026,-0.032,
2007,9,-0.065,-0.045,
2007,10,-0.038,-0.048,
2007,11,-0.070,-0.060,
2007,12,-0.043,-0.059,
2008,1,-0.083,-0.070,
2008,2,-0.063,-0.065,
2008,3,-0.093,
2008,4,-0.043,
2008,6,-0.061,
2008,7,0.003,
2008,11,-0.050,
2009,1,-0.106,
2009,2,-0.105,
2009,3,-0.010,-0.060,
2009,4,-0.044,-0.032,
2009,5,-0.032,-0.004,
2009,6,0.030,-0.005,
2009,7,0.035,0.017,
2009,8,-0.012,0.026,
2009,9,0.064,0.026,
2009,10,0.015,0.023,
2009,11,0.027,0.022,
2009,12,0.022,
2010,1,-0.015,
2010,3,-0.015,
2010,4,-0.069,
2010,5,-0.028,-0.029,
2010,6,-0.012,-0.024,
2010,7,-0.021,
2010,8,0.009,
2010,11,-0.046,
2010,12,-0.121,
2011,1,-0.075,
2011,4,-0.033,
2011,5,-0.039,
2011,7,0.016,
2011,8,0.002,
2011,10,-0.107,
2011,11,-0.042,
2012,1,-0.037,
2012,2,-0.002,
2012,3,0.012,0.005,
2012,4,0.020,0.036,
2012,5,0.030,
2012,6,0.121,
2012,9,-0.026,
2012,10,-0.033,
2012,11,0.035,0.008,
2012,12,0.037,0.017,
2013,1,0.024,0.016,
2013,2,0.019,-0.002,
2013,3,-0.037,-0.024,
2013,4,-0.056,-0.036,
2013,5,-0.070,
2013,6,-0.036,
2013,8,-0.027,
2013,9,-0.017,
2013,10,-0.006,-0.018,
2013,11,-0.039,-0.019,
2013,12,0.001,-0.007,
2014,1,-0.035,-0.006,
2014,2,0.043,0.004,
2014,3,0.002,0.003,
2014,4,0.011,
2014,5,-0.007,
2014,8,-0.026,
2014,9,-0.015,
2014,10,-0.011,-0.001,
2014,11,-0.032,0.007,
2014,12,0.081,0.012,
2015,1,0.011,0.008,
2015,2,0.014,0.015,
2015,3,-0.036,-0.008,
2015,4,0.008,-0.020,
2015,5,-0.038,-0.022,
2015,6,-0.047,-0.007,
2015,7,0.005,-0.007,
2015,8,0.039,0.021,
2015,9,0.004,0.041,
2015,10,0.103,0.058,
2015,11,0.051,0.074,
2015,12,0.095,0.084,
2016,1,0.118,0.069,
2016,2,0.055,0.068,
2016,3,0.028,0.062,
2016,4,0.046,0.045,
2016,5,0.063,0.034,
2016,6,0.034,0.032,
2016,7,-0.002,0.035,
2016,8,0.021,0.016,
2016,9,0.058,0.022,
2016,10,-0.028,0.023,
2016,11,0.060,0.036,
2016,12,0.006,0.025,
2017,1,0.083,0.019,
2017,2,0.001,0.014,
2017,3,-0.055,0.017,
2017,4,0.037,0.004,
2017,5,0.017,0.005,
2017,6,0.019,0.023,
2017,7,0.007,0.015,
2017,8,0.033,0.020,
2017,9,-0.001,0.018,
2017,10,0.043,0.022,
2017,11,0.006,-0.007,
2017,12,0.026,-0.006,
2018,1,-0.108,-0.002,
2018,2,0.001,-0.006,
2018,3,0.064,-0.012,
2018,4,-0.012,-0.003,
2018,5,-0.007,-0.001,
2018,6,-0.060,-0.012,
2018,7,0.012,-0.008,
2018,8,0.008,-0.003,
2018,9,0.008,0.006,
2018,10,0.015,0.016,
2018,11,-0.011,0.013,
2018,12,0.061,0.021,
2019,1,-0.006,0.024,
2019,2,0.044,0.036,
2019,3,0.035,0.033,
2019,4,0.047,0.044,
2019,5,0.042,0.043,
2019,6,0.052,0.041,
2019,7,0.040,0.027,
2019,8,0.023,0.044,
2019,9,-0.021,0.047,
2019,10,0.126,0.042,
2019,11,0.069,0.042,
2019,12,0.015,0.042,
2020,1,0.020,0.012,
2020,2,-0.017,0.009,
2020,3,-0.024,-0.004,
2020,4,0.050,-0.006,
2020,5,-0.048,-0.005,
2020,6,0.011,-0.000,
2020,7,-0.013,-0.007,
2020,8,-0.002,0.013,
2020,9,0.017,0.011,
2020,10,0.052,0.003,
2020,11,0.001,0.003,
2020,12,-0.051,0.006,
2021,1,-0.004,-0.006,
2021,2,0.031,-0.006,
2021,3,-0.004,-0.012,
2021,4,-0.002,-0.016,
2021,5,-0.082,-0.029,
2021,6,-0.023,-0.027,
2021,7,-0.035,-0.030,
2021,8,0.009,-0.005,
2021,9,-0.018,-0.001,
2021,10,0.045,0.014,
2021,11,-0.003,0.023,
2021,12,0.035,0.030,
2022,1,0.058,0.020,
2022,2,0.012,0.017,
2022,3,-0.000,0.018,
2022,4,-0.020,0.005,
2022,5,0.037,-0.001,
2022,6,-0.003,-0.001,
2022,7,-0.019,-0.006,
2022,8,0.000,-0.014,
2022,9,-0.046,-0.008,
2022,10,-0.003,0.006,
2022,11,0.030,0.013,
2022,12,0.050,0.021,
2023,1,0.035,0.036,
2023,2,-0.008,0.036,
2023,3,0.074,0.024,
2023,4,0.029,0.028,
2023,5,-0.010,0.020,
2023,6,0.052,0.003,
2023,7,-0.045,-0.013,
2023,8,-0.011,-0.010,
2023,9,-0.050,-0.018,
2023,10,0.004,-0.007,
2023,11,0.012,-0.008,
2023,12,0.010,0.004,
2024,1,-0.015,0.001,
2024,2,0.009,-0.005,
2024,3,-0.010,-0.004,
2024,4,-0.021,-0.004,
2024,5,0.017,-0.012,
2024,6,-0.014,-0.010,
2024,7,-0.034,0.018,
2024,8,0.002,0.009,
2024,9,0.118,0.021,
2024,10,-0.027,
2024,11,0.045,
