Interannual variation of monthly mean sea level and the 5-month centered average.
The values are in meters.  The average seasonal cycle and the relative sea level trend have been removed.
Column values are the Year; Month; Interannual Variation; and the 5-month centered average of the Interannual Variation.
Product of NOAAs National Ocean Service / Center for Operational Oceanographic Products and Services (CO-OPS)

Year, Month, Interannual_Variation, Five_Month_Average
1973,5,0.058,
1973,6,0.023,
1973,7,0.017,0.029,
1973,8,0.019,0.025,
1973,9,0.028,0.037,
1973,10,0.037,0.045,
1973,11,0.082,0.057,
1973,12,0.057,0.066,
1974,1,0.081,0.069,
1974,2,0.074,0.058,
1974,3,0.049,0.058,
1974,4,0.028,0.063,
1974,5,0.059,0.051,
1974,6,0.104,0.042,
1974,7,0.016,0.047,
1974,8,0.003,0.037,
1974,9,0.052,0.011,
1974,10,0.012,0.014,
1974,11,-0.027,0.024,
1974,12,0.029,0.034,
1975,1,0.052,0.042,
1975,2,0.106,0.053,
1975,3,0.051,0.057,
1975,4,0.027,0.051,
1975,5,0.049,0.048,
1975,6,0.024,0.048,
1975,7,0.091,0.059,
1975,8,0.048,0.053,
1975,9,0.084,0.054,
1975,10,0.017,0.056,
1975,11,0.030,0.037,
1975,12,0.103,0.009,
1976,1,-0.047,0.004,
1976,2,-0.060,0.004,
1976,3,-0.008,-0.006,
1976,4,0.029,0.009,
1976,5,0.057,0.021,
1976,6,0.028,0.016,
1976,7,-0.002,0.009,
1976,8,-0.033,-0.014,
1976,9,-0.006,-0.038,
1976,10,-0.061,-0.041,
1976,11,-0.090,-0.040,
1976,12,-0.014,-0.052,
1977,1,-0.027,-0.040,
1977,2,-0.067,-0.030,
1977,3,-0.001,-0.022,
1977,4,-0.040,-0.009,
1977,5,0.022,0.003,
1977,6,0.040,0.007,
1977,7,-0.009,0.025,
1977,8,0.021,0.010,
1977,9,0.051,0.006,
1977,10,-0.053,0.004,
1977,11,0.021,-0.005,
1977,12,-0.018,-0.009,
1978,1,-0.028,-0.001,
1978,2,0.035,-0.001,
1978,3,-0.014,0.010,
1978,4,0.023,0.019,
1978,5,0.036,0.023,
1978,6,0.014,0.025,
1978,7,0.057,0.023,
1978,8,-0.002,0.027,
1978,9,0.010,0.038,
1978,10,0.056,0.029,
1978,11,0.069,0.039,
1978,12,0.011,0.037,
1979,1,0.050,0.032,
1979,2,-0.002,0.032,
1979,3,0.034,0.029,
1979,4,0.065,0.015,
1979,5,-0.001,0.025,
1979,6,-0.017,0.029,
1979,7,0.043,0.028,
1979,8,0.057,0.026,
1979,9,0.060,0.025,
1979,10,-0.015,0.017,
1979,11,-0.020,0.024,
1979,12,0.001,0.020,
1980,1,0.097,0.024,
1980,2,0.039,0.032,
1980,3,0.004,0.036,
1980,4,0.021,0.016,
1980,5,0.018,0.007,
1980,6,-0.004,0.002,
1980,7,-0.004,-0.007,
1980,8,-0.023,-0.026,
1980,9,-0.023,-0.026,
1980,10,-0.078,-0.028,
1980,11,-0.004,-0.032,
1980,12,-0.013,-0.033,
1981,1,-0.041,-0.019,
1981,2,-0.029,-0.022,
1981,3,-0.009,-0.019,
1981,4,-0.020,-0.013,
1981,5,0.005,-0.003,
1981,6,-0.011,-0.003,
1981,7,0.020,-0.007,
1981,8,-0.008,-0.021,
1981,9,-0.039,-0.015,
1981,10,-0.067,-0.023,
1981,11,0.020,-0.026,
1981,12,-0.021,-0.017,
1982,1,-0.024,-0.001,
1982,2,0.009,-0.013,
1982,3,0.009,-0.017,
1982,4,-0.036,-0.011,
1982,5,-0.042,-0.020,
1982,6,0.006,-0.029,
1982,7,-0.037,-0.030,
1982,8,-0.038,-0.020,
1982,9,-0.038,-0.015,
1982,10,0.005,0.013,
1982,11,0.034,0.038,
1982,12,0.100,0.061,
1983,1,0.087,0.081,
1983,2,0.077,0.075,
1983,3,0.107,0.061,
1983,4,0.005,0.041,
1983,5,0.026,0.023,
1983,6,-0.011,-0.004,
1983,7,-0.011,-0.014,
1983,8,-0.027,-0.014,
1983,9,-0.048,0.004,
1983,10,0.028,0.002,
1983,11,0.078,0.012,
1983,12,-0.022,0.021,
1984,1,0.022,0.014,
1984,2,-0.000,0.001,
1984,3,-0.006,-0.001,
1984,4,0.013,-0.001,
1984,5,-0.036,0.007,
1984,6,0.022,0.007,
1984,7,0.040,0.002,
1984,8,-0.003,0.016,
1984,9,-0.010,0.014,
1984,10,0.030,0.019,
1984,11,0.016,0.033,
1984,12,0.061,0.034,
1985,1,0.066,0.027,
1985,2,-0.001,0.017,
1985,3,-0.007,0.004,
1985,4,-0.034,-0.015,
1985,5,-0.003,-0.019,
1985,6,-0.028,-0.003,
1985,7,-0.020,-0.000,
1985,8,0.068,0.020,
1985,9,-0.018,0.035,
1985,10,0.096,0.038,
1985,11,0.048,0.022,
1985,12,-0.004,0.031,
1986,1,-0.014,-0.003,
1986,2,0.028,-0.007,
1986,3,-0.076,0.011,
1986,4,0.032,0.023,
1986,5,0.086,0.015,
1986,6,0.043,0.024,
1986,7,-0.012,0.023,
1986,8,-0.027,0.011,
1986,9,0.024,0.012,
1986,10,0.024,0.022,
1986,11,0.052,0.038,
1986,12,0.038,0.040,
1987,1,0.052,0.054,
1987,2,0.036,0.031,
1987,3,0.090,0.017,
1987,4,-0.061,0.009,
1987,5,-0.030,0.005,
1987,6,0.009,-0.021,
1987,7,0.015,-0.021,
1987,8,-0.037,-0.047,
1987,9,-0.059,-0.051,
1987,10,-0.160,-0.050,
1987,11,-0.013,
1987,12,0.017,
1988,3,-0.078,
1988,8,-0.106,
1988,9,-0.085,
1988,10,-0.094,
1988,11,-0.087,
1989,5,-0.088,
1989,6,-0.031,
1989,8,-0.022,
1989,9,-0.041,
1989,10,-0.102,-0.059,
1989,11,-0.043,-0.071,
1989,12,-0.088,-0.071,
1990,1,-0.083,-0.038,
1990,2,-0.041,-0.028,
1990,3,0.065,0.000,
1990,4,0.008,0.012,
1990,5,0.051,0.017,
1990,6,-0.023,0.009,
1990,7,-0.016,-0.003,
1990,8,0.026,-0.015,
1990,9,-0.051,-0.000,
1990,10,-0.008,0.007,
1990,11,0.048,0.022,
1990,12,0.020,0.033,
1991,1,0.099,0.045,
1991,2,0.004,0.051,
1991,3,0.055,0.072,
1991,4,0.077,0.065,
1991,5,0.126,0.080,
1991,6,0.065,0.084,
1991,7,0.080,0.075,
1991,8,0.074,0.054,
1991,9,0.030,0.042,
1991,10,0.021,0.020,
1991,11,0.007,0.016,
1991,12,-0.030,0.027,
1992,1,0.051,0.020,
1992,2,0.087,0.030,
1992,3,-0.013,0.040,
1992,4,0.055,0.057,
1992,5,0.018,0.051,
1992,6,0.136,0.060,
1992,7,0.060,0.053,
1992,8,0.029,0.063,
1992,9,0.023,0.040,
1992,10,0.068,0.037,
1992,11,0.020,0.052,
1992,12,0.042,0.067,
1993,1,0.105,0.060,
1993,2,0.101,
1993,3,0.034,
1996,1,-0.014,
1996,2,-0.062,
1996,3,-0.088,-0.063,
1996,4,-0.066,-0.082,
1996,5,-0.087,-0.082,
1996,6,-0.109,-0.072,
1996,7,-0.061,-0.068,
1996,8,-0.038,-0.049,
1996,9,-0.046,-0.030,
1996,10,0.012,-0.023,
1996,11,-0.015,-0.017,
1996,12,-0.027,-0.014,
1997,1,-0.010,-0.014,
1997,2,-0.028,-0.013,
1997,3,0.010,-0.015,
1997,4,-0.008,-0.019,
1997,5,-0.039,-0.019,
1997,6,-0.027,-0.029,
1997,7,-0.029,-0.035,
1997,8,-0.043,-0.036,
1997,9,-0.036,-0.047,
1997,10,-0.046,-0.054,
1997,11,-0.080,-0.048,
1997,12,-0.066,-0.026,
1998,1,-0.012,-0.016,
1998,2,0.076,-0.003,
1998,3,0.003,0.011,
1998,4,-0.017,0.001,
1998,5,0.004,-0.028,
1998,6,-0.061,-0.040,
1998,7,-0.071,-0.026,
1998,8,-0.054,-0.035,
1998,9,0.051,-0.037,
1998,10,-0.042,-0.026,
1998,11,-0.068,-0.010,
1998,12,-0.020,-0.005,
1999,1,0.027,0.008,
1999,2,0.075,0.025,
1999,3,0.024,0.031,
1999,4,0.017,0.016,
1999,5,0.010,-0.002,
1999,6,-0.047,-0.005,
1999,7,-0.016,0.002,
1999,8,0.011,-0.004,
1999,9,0.053,-0.003,
1999,10,-0.022,-0.007,
1999,11,-0.043,-0.016,
1999,12,-0.033,-0.037,
2000,1,-0.036,-0.027,
2000,2,-0.051,-0.019,
2000,3,0.027,-0.016,
2000,4,-0.002,-0.016,
2000,5,-0.017,-0.007,
2000,6,-0.037,-0.022,
2000,7,-0.005,-0.026,
2000,8,-0.046,-0.033,
2000,9,-0.023,-0.027,
2000,10,-0.052,-0.044,
2000,11,-0.010,-0.062,
2000,12,-0.090,-0.084,
2001,1,-0.137,-0.082,
2001,2,-0.129,
2001,3,-0.046,
2001,5,-0.064,
2001,6,-0.120,
2001,7,-0.043,-0.066,
2001,8,-0.045,-0.067,
2001,9,-0.058,-0.046,
2001,10,-0.069,-0.037,
2001,11,-0.017,-0.043,
2001,12,0.003,-0.042,
2002,1,-0.074,-0.041,
2002,2,-0.054,-0.044,
2002,3,-0.064,-0.052,
2002,4,-0.029,-0.040,
2002,5,-0.042,-0.038,
2002,6,-0.011,-0.026,
2002,7,-0.045,-0.012,
2002,8,-0.004,0.004,
2002,9,0.044,-0.009,
2002,10,0.036,-0.015,
2002,11,-0.074,-0.032,
2002,12,-0.079,-0.052,
2003,1,-0.087,-0.055,
2003,2,-0.055,-0.039,
2003,3,0.022,-0.028,
2003,4,0.006,-0.018,
2003,5,-0.027,-0.007,
2003,6,-0.037,-0.014,
2003,7,-0.000,-0.015,
2003,8,-0.013,-0.009,
2003,9,0.002,-0.001,
2003,10,0.006,-0.008,
2003,11,0.001,-0.008,
2003,12,-0.037,-0.018,
2004,1,-0.010,-0.025,
2004,2,-0.050,-0.034,
2004,3,-0.030,-0.033,
2004,4,-0.042,-0.032,
2004,5,-0.030,-0.029,
2004,6,-0.009,-0.033,
2004,7,-0.033,-0.031,
2004,8,-0.050,-0.027,
2004,9,-0.032,-0.022,
2004,10,-0.010,-0.034,
2004,11,0.016,-0.025,
2004,12,-0.096,-0.006,
2005,1,-0.001,-0.021,
2005,2,0.063,-0.024,
2005,3,-0.085,-0.007,
2005,4,-0.004,-0.006,
2005,5,-0.009,-0.016,
2005,6,0.005,-0.003,
2005,7,0.011,-0.003,
2005,8,-0.017,-0.011,
2005,9,-0.006,-0.026,
2005,10,-0.049,-0.044,
2005,11,-0.070,-0.051,
2005,12,-0.075,-0.058,
2006,1,-0.052,-0.053,
2006,2,-0.044,-0.048,
2006,3,-0.022,-0.038,
2006,4,-0.045,-0.039,
2006,5,-0.024,-0.049,
2006,6,-0.060,-0.054,
2006,7,-0.091,-0.050,
2006,8,-0.050,-0.053,
2006,9,-0.022,-0.058,
2006,10,-0.040,-0.052,
2006,11,-0.084,-0.049,
2006,12,-0.066,-0.060,
2007,1,-0.033,-0.071,
2007,2,-0.079,-0.071,
2007,3,-0.092,-0.059,
2007,4,-0.085,-0.057,
2007,5,-0.005,-0.050,
2007,6,-0.025,-0.037,
2007,7,-0.043,-0.033,
2007,8,-0.026,-0.037,
2007,9,-0.067,-0.050,
2007,10,-0.027,-0.053,
2007,11,-0.087,-0.065,
2007,12,-0.056,-0.070,
2008,1,-0.089,-0.086,
2008,2,-0.089,-0.073,
2008,3,-0.107,
2008,4,-0.023,
2008,7,0.006,
2008,8,0.007,
2008,9,0.069,0.003,
2008,10,-0.017,-0.012,
2008,11,-0.048,-0.034,
2008,12,-0.069,-0.068,
2009,1,-0.106,-0.065,
2009,2,-0.098,-0.062,
2009,3,-0.002,-0.056,
2009,4,-0.036,-0.031,
2009,5,-0.037,-0.007,
2009,6,0.020,-0.005,
2009,7,0.022,0.015,
2009,8,0.007,
2009,9,0.066,
2009,11,0.028,
2009,12,0.031,
2010,1,-0.026,
2010,2,-0.021,
2010,4,-0.063,
2010,5,-0.034,
2010,6,-0.009,
2010,8,0.023,
2010,9,0.028,
2010,10,-0.058,-0.034,
2010,11,-0.046,-0.056,
2010,12,-0.115,-0.082,
2011,1,-0.091,-0.074,
2011,2,-0.100,-0.073,
2011,3,-0.019,-0.058,
2011,4,-0.039,-0.046,
2011,5,-0.042,-0.021,
2011,6,-0.030,-0.015,
2011,7,0.024,-0.016,
2011,8,0.010,-0.024,
2011,9,-0.042,-0.026,
2011,10,-0.081,-0.034,
2011,11,-0.039,-0.043,
2011,12,-0.016,-0.033,
2012,1,-0.038,-0.012,
2012,2,0.009,0.003,
2012,3,0.026,0.013,
2012,4,0.036,0.044,
2012,5,0.032,0.049,
2012,6,0.115,
2012,7,0.038,
2012,9,-0.026,
2012,10,-0.021,
2012,11,0.027,0.006,
2012,12,0.033,0.014,
2013,1,0.018,0.014,
2013,2,0.014,0.001,
2013,3,-0.022,-0.017,
2013,4,-0.039,-0.027,
2013,5,-0.056,-0.025,
2013,6,-0.033,-0.021,
2013,7,0.027,-0.013,
2013,8,-0.003,0.002,
2013,9,-0.001,
2013,10,0.016,
2013,12,0.012,
2014,1,-0.028,
2014,2,0.023,0.004,
2014,3,-0.003,0.002,
2014,4,0.015,
2014,5,0.000,
2014,8,-0.003,
2014,9,-0.000,
2014,10,0.004,0.014,
2014,11,-0.027,0.017,
2014,12,0.094,0.033,
2015,1,0.015,0.029,
2015,2,0.080,
2015,3,-0.018,
2015,5,-0.013,
2015,6,-0.031,
2015,7,0.004,0.002,
2015,8,0.041,0.029,
2015,9,0.009,0.048,
2015,10,0.123,0.072,
2015,11,0.065,0.088,
2015,12,0.122,0.095,
2016,1,0.119,0.074,
2016,2,0.046,0.072,
2016,3,0.019,0.056,
2016,4,0.053,0.036,
2016,5,0.045,0.026,
2016,6,0.016,0.030,
2016,7,-0.003,0.028,
2016,8,0.039,0.020,
2016,9,0.043,0.028,
2016,10,0.002,0.031,
2016,11,0.056,0.037,
2016,12,0.013,0.024,
2017,1,0.069,0.013,
2017,2,-0.020,0.009,
2017,3,-0.052,0.002,
2017,4,0.032,-0.011,
2017,5,-0.019,-0.007,
2017,6,0.004,0.008,
2017,7,-0.003,-0.000,
2017,8,0.024,0.015,
2017,9,-0.007,0.012,
2017,10,0.056,0.015,
2017,11,-0.008,-0.010,
2017,12,0.008,-0.011,
2018,1,-0.101,-0.009,
2018,2,-0.009,-0.011,
2018,3,0.063,-0.014,
2018,4,-0.013,-0.009,
2018,5,-0.011,-0.007,
2018,6,-0.073,-0.016,
2018,7,-0.000,-0.012,
2018,8,0.017,-0.004,
2018,9,0.009,0.006,
2018,10,0.030,0.016,
2018,11,-0.025,0.015,
2018,12,0.052,0.022,
2019,1,0.009,0.027,
2019,2,0.045,0.042,
2019,3,0.052,0.041,
2019,4,0.050,0.049,
2019,5,0.049,0.049,
2019,6,0.049,0.043,
2019,7,0.045,0.033,
2019,8,0.024,0.059,
2019,9,0.000,0.069,
2019,10,0.177,0.072,
2019,11,0.101,0.078,
2019,12,0.059,0.081,
2020,1,0.056,0.047,
2020,2,0.012,0.044,
2020,3,0.009,0.030,
2020,4,0.083,0.028,
2020,5,-0.010,0.030,
2020,6,0.046,0.036,
2020,7,0.021,0.032,
2020,8,0.042,0.055,
2020,9,0.060,0.055,
2020,10,0.106,0.047,
2020,11,0.045,0.039,
2020,12,-0.020,0.036,
2021,1,0.004,0.020,
2021,2,0.043,0.018,
2021,3,0.027,0.014,
2021,4,0.037,0.015,
2021,5,-0.039,0.004,
2021,6,0.007,0.007,
2021,7,-0.011,-0.001,
2021,8,0.042,0.023,
2021,9,-0.002,0.028,
2021,10,0.081,0.044,
2021,11,0.033,0.052,
2021,12,0.069,0.060,
2022,1,0.080,0.048,
2022,2,0.038,0.046,
2022,3,0.019,0.045,
2022,4,0.022,0.035,
2022,5,0.068,0.031,
2022,6,0.029,0.036,
2022,7,0.016,0.032,
2022,8,0.044,0.024,
2022,9,0.003,0.029,
2022,10,0.026,0.045,
2022,11,0.057,0.047,
2022,12,0.095,0.047,
2023,1,0.052,0.063,
2023,2,0.006,0.066,
2023,3,0.104,0.052,
2023,4,0.074,0.057,
2023,5,0.024,0.054,
2023,6,0.078,0.040,
2023,7,-0.011,0.022,
2023,8,0.033,0.030,
2023,9,-0.013,0.027,
2023,10,0.063,0.041,
2023,11,0.061,0.038,
2023,12,0.062,0.047,
2024,1,0.016,0.039,
2024,2,0.033,0.030,
2024,3,0.022,0.026,
2024,4,0.016,0.029,
2024,5,0.042,0.024,
2024,6,0.031,0.024,
2024,7,0.008,0.048,
2024,8,0.023,0.046,
2024,9,0.137,0.058,
2024,10,0.031,
2024,11,0.091,
