Interannual variation of monthly mean sea level and the 5-month centered average.
The values are in meters.  The average seasonal cycle and the relative sea level trend have been removed.
Column values are the Year; Month; Interannual Variation; and the 5-month centered average of the Interannual Variation.
Product of NOAAs National Ocean Service / Center for Operational Oceanographic Products and Services (CO-OPS)

Year, Month, Interannual_Variation, Five_Month_Average
1967,5,0.014,
1967,6,0.066,
1967,7,0.030,0.029,
1967,8,0.047,0.014,
1967,9,-0.012,0.001,
1967,10,-0.058,0.019,
1967,11,-0.001,0.018,
1967,12,0.121,0.009,
1968,1,0.042,0.005,
1968,2,-0.061,-0.004,
1968,3,-0.075,-0.045,
1968,4,-0.047,-0.070,
1968,5,-0.083,-0.057,
1968,6,-0.086,-0.046,
1968,7,0.006,-0.042,
1968,8,-0.020,-0.033,
1968,9,-0.025,-0.031,
1968,10,-0.039,-0.043,
1968,11,-0.077,-0.041,
1968,12,-0.056,-0.033,
1969,1,-0.010,-0.035,
1969,2,0.018,-0.024,
1969,3,-0.050,-0.023,
1969,4,-0.025,-0.022,
1969,5,-0.050,-0.030,
1969,6,-0.001,-0.014,
1969,7,-0.025,-0.021,
1969,8,0.032,-0.012,
1969,9,-0.061,-0.028,
1969,10,-0.003,-0.026,
1969,11,-0.084,-0.046,
1969,12,-0.013,-0.045,
1970,1,-0.071,-0.036,
1970,2,-0.055,
1970,3,0.041,
1970,6,0.024,
1970,12,0.039,
1971,1,0.048,
1971,2,0.042,
1971,3,0.029,
1972,1,0.054,
1972,2,-0.061,
1972,3,0.020,0.026,
1972,4,0.036,0.038,
1972,5,0.079,0.067,
1972,6,0.117,0.061,
1972,7,0.081,0.061,
1972,8,-0.008,0.053,
1972,9,0.034,0.044,
1972,10,0.040,0.046,
1972,11,0.074,0.082,
1972,12,0.091,0.106,
1973,1,0.170,0.134,
1973,2,0.155,0.161,
1973,3,0.181,0.160,
1973,4,0.206,0.139,
1973,5,0.085,0.111,
1973,6,0.069,0.083,
1973,7,0.014,0.053,
1973,8,0.038,0.046,
1973,9,0.058,0.051,
1973,10,0.049,0.055,
1973,11,0.096,0.067,
1973,12,0.036,0.074,
1974,1,0.094,0.066,
1974,2,0.094,0.058,
1974,3,0.008,0.065,
1974,4,0.057,0.055,
1974,5,0.070,0.036,
1974,6,0.047,0.031,
1974,7,-0.004,0.033,
1974,8,-0.017,0.026,
1974,9,0.067,0.012,
1974,10,0.034,0.017,
1974,11,-0.023,
1974,12,0.024,
1975,2,0.180,
1975,3,0.111,
1975,6,0.054,
1975,7,0.130,
1975,8,0.145,
1975,9,0.098,
1976,3,-0.016,
1976,4,0.030,
1976,5,0.064,0.037,
1976,6,0.124,0.030,
1976,7,-0.019,0.013,
1976,8,-0.050,-0.014,
1976,9,-0.055,
1976,10,-0.069,
1977,1,0.006,
1977,2,-0.073,
1977,3,0.029,-0.005,
1977,4,-0.004,-0.013,
1977,5,0.015,-0.003,
1977,6,-0.032,-0.000,
1977,7,-0.022,0.014,
1977,8,0.041,-0.006,
1977,9,0.067,0.008,
1977,10,-0.082,0.009,
1977,11,0.035,-0.010,
1977,12,-0.016,-0.011,
1978,1,-0.052,0.004,
1978,2,0.058,-0.009,
1978,3,-0.004,0.004,
1978,4,-0.031,0.019,
1978,5,0.051,0.010,
1978,6,0.020,0.006,
1978,7,0.011,0.010,
1978,8,-0.023,-0.004,
1978,9,-0.012,0.005,
1978,10,-0.015,0.001,
1978,11,0.063,0.006,
1978,12,-0.010,0.003,
1979,1,0.006,0.019,
1979,2,-0.030,0.029,
1979,3,0.066,0.037,
1979,4,0.115,0.031,
1979,5,0.030,0.047,
1979,6,-0.029,0.038,
1979,7,0.051,0.032,
1979,8,0.023,0.023,
1979,9,0.083,0.022,
1979,10,-0.011,0.011,
1979,11,-0.035,0.018,
1979,12,-0.007,0.005,
1980,1,0.061,0.019,
1980,2,0.018,0.047,
1980,3,0.057,0.054,
1980,4,0.106,0.041,
1980,5,0.030,0.039,
1980,6,-0.004,0.025,
1980,7,0.005,-0.003,
1980,8,-0.014,-0.033,
1980,9,-0.033,-0.033,
1980,10,-0.118,-0.042,
1980,11,-0.007,-0.055,
1980,12,-0.040,-0.052,
1981,1,-0.076,-0.044,
1981,2,-0.021,-0.053,
1981,3,-0.077,-0.050,
1981,4,-0.049,-0.041,
1981,5,-0.028,-0.039,
1981,6,-0.031,-0.028,
1981,7,-0.010,-0.035,
1981,8,-0.023,-0.050,
1981,9,-0.085,-0.043,
1981,10,-0.100,-0.052,
1981,11,0.002,-0.050,
1981,12,-0.055,-0.024,
1982,1,-0.012,-0.011,
1982,2,0.043,-0.023,
1982,3,-0.031,-0.018,
1982,4,-0.061,-0.018,
1982,5,-0.028,-0.037,
1982,6,-0.013,-0.038,
1982,7,-0.053,-0.036,
1982,8,-0.038,-0.031,
1982,9,-0.048,-0.025,
1982,10,-0.005,0.012,
1982,11,0.017,0.038,
1982,12,0.134,0.072,
1983,1,0.094,0.097,
1983,2,0.119,0.111,
1983,3,0.121,0.094,
1983,4,0.088,0.078,
1983,5,0.046,0.053,
1983,6,0.017,0.019,
1983,7,-0.010,-0.010,
1983,8,-0.047,-0.018,
1983,9,-0.054,-0.009,
1983,10,0.004,-0.000,
1983,11,0.063,0.017,
1983,12,0.033,0.033,
1984,1,0.037,0.039,
1984,2,0.028,0.034,
1984,3,0.033,0.030,
1984,4,0.039,0.026,
1984,5,0.015,0.033,
1984,6,0.014,0.027,
1984,7,0.066,0.014,
1984,8,0.002,0.018,
1984,9,-0.027,0.014,
1984,10,0.035,0.011,
1984,11,-0.004,0.009,
1984,12,0.051,0.011,
1985,1,-0.012,-0.005,
1985,2,-0.015,-0.024,
1985,3,-0.047,-0.044,
1985,4,-0.095,-0.055,
1985,5,-0.049,-0.058,
1985,6,-0.068,-0.034,
1985,7,-0.031,-0.016,
1985,8,0.072,0.016,
1985,9,-0.005,0.047,
1985,10,0.111,0.053,
1985,11,0.090,0.031,
1985,12,-0.003,0.041,
1986,1,-0.036,0.002,
1986,2,0.043,-0.024,
1986,3,-0.086,-0.013,
1986,4,-0.040,-0.003,
1986,5,0.055,-0.022,
1986,6,0.014,-0.015,
1986,7,-0.052,-0.003,
1986,8,-0.053,-0.008,
1986,9,0.019,0.002,
1986,10,0.032,0.025,
1986,11,0.066,0.044,
1986,12,0.061,0.052,
1987,1,0.043,0.075,
1987,2,0.058,0.041,
1987,3,0.146,0.024,
1987,4,-0.101,0.021,
1987,5,-0.024,0.017,
1987,6,0.024,-0.025,
1987,7,0.039,-0.018,
1987,8,-0.065,-0.051,
1987,9,-0.063,-0.062,
1987,10,-0.188,-0.069,
1987,11,-0.035,-0.066,
1987,12,0.006,-0.071,
1988,1,-0.049,-0.052,
1988,2,-0.088,-0.059,
1988,3,-0.092,-0.078,
1988,4,-0.073,-0.078,
1988,5,-0.088,-0.076,
1988,6,-0.049,-0.073,
1988,7,-0.077,-0.054,
1988,8,-0.077,-0.047,
1988,9,0.021,-0.038,
1988,10,-0.054,-0.034,
1988,11,-0.004,-0.025,
1988,12,-0.058,-0.046,
1989,1,-0.030,-0.045,
1989,2,-0.082,-0.064,
1989,3,-0.052,-0.074,
1989,4,-0.095,-0.064,
1989,5,-0.110,-0.043,
1989,6,0.018,-0.041,
1989,7,0.024,-0.030,
1989,8,-0.041,-0.034,
1989,9,-0.043,-0.046,
1989,10,-0.127,-0.070,
1989,11,-0.044,-0.064,
1989,12,-0.095,-0.049,
1990,1,-0.012,0.003,
1990,2,0.034,0.014,
1990,3,0.134,0.040,
1990,4,0.009,0.035,
1990,5,0.034,0.025,
1990,6,-0.034,-0.004,
1990,7,-0.019,-0.018,
1990,8,-0.010,-0.037,
1990,9,-0.061,-0.025,
1990,10,-0.060,-0.026,
1990,11,0.024,-0.016,
1990,12,-0.021,-0.011,
1991,1,0.040,0.015,
1991,2,-0.036,0.019,
1991,3,0.067,0.052,
1991,4,0.046,0.043,
1991,5,0.144,0.053,
1991,6,-0.007,0.035,
1991,7,0.015,0.023,
1991,8,-0.022,-0.009,
1991,9,-0.015,-0.022,
1991,10,-0.017,-0.040,
1991,11,-0.071,-0.037,
1991,12,-0.073,-0.021,
1992,1,-0.009,-0.024,
1992,2,0.068,-0.024,
1992,3,-0.037,-0.030,
1992,4,-0.070,-0.024,
1992,5,-0.100,-0.049,
1992,6,0.021,-0.046,
1992,7,-0.061,-0.039,
1992,8,-0.022,-0.017,
1992,9,-0.034,-0.017,
1992,10,0.012,0.006,
1992,11,0.019,0.033,
1992,12,0.055,0.051,
1993,1,0.114,0.043,
1993,2,0.055,0.039,
1993,3,-0.029,0.028,
1993,4,-0.001,-0.005,
1993,5,0.003,-0.033,
1993,6,-0.054,-0.043,
1993,7,-0.085,-0.053,
1993,8,-0.079,-0.052,
1993,9,-0.050,-0.059,
1993,10,0.010,-0.048,
1993,11,-0.089,-0.049,
1993,12,-0.032,-0.043,
1994,1,-0.082,-0.049,
1994,2,-0.021,-0.032,
1994,3,-0.022,-0.037,
1994,4,-0.001,-0.029,
1994,5,-0.059,0.013,
1994,6,-0.040,0.035,
1994,7,0.186,0.040,
1994,8,0.088,0.069,
1994,9,0.025,0.071,
1994,10,0.084,0.039,
1994,11,-0.026,0.019,
1994,12,0.025,-0.002,
1995,1,-0.012,-0.012,
1995,2,-0.080,-0.007,
1995,3,0.033,-0.010,
1995,4,-0.001,-0.016,
1995,5,0.012,-0.005,
1995,6,-0.045,0.004,
1995,7,-0.023,0.010,
1995,8,0.079,0.019,
1995,9,0.025,0.015,
1995,10,0.057,0.011,
1995,11,-0.061,-0.013,
1995,12,-0.047,-0.024,
1996,1,-0.039,-0.049,
1996,2,-0.030,-0.048,
1996,3,-0.066,-0.054,
1996,4,-0.058,-0.066,
1996,5,-0.074,-0.073,
1996,6,-0.103,-0.067,
1996,7,-0.062,-0.064,
1996,8,-0.037,-0.044,
1996,9,-0.046,-0.023,
1996,10,0.028,-0.014,
1996,11,0.003,-0.009,
1996,12,-0.019,-0.000,
1997,1,-0.010,-0.004,
1997,2,-0.003,-0.018,
1997,3,0.011,-0.028,
1997,4,-0.070,-0.033,
1997,5,-0.066,-0.039,
1997,6,-0.036,-0.052,
1997,7,-0.032,-0.049,
1997,8,-0.057,-0.044,
1997,9,-0.055,-0.053,
1997,10,-0.041,-0.062,
1997,11,-0.080,-0.036,
1997,12,-0.075,0.004,
1998,1,0.071,0.054,
1998,2,0.145,0.106,
1998,3,0.209,0.124,
1998,4,0.183,0.091,
1998,5,0.015,0.040,
1998,6,-0.097,-0.015,
1998,7,-0.108,-0.026,
1998,8,-0.069,-0.029,
1998,9,0.130,-0.019,
1998,10,-0.002,-0.004,
1998,11,-0.045,0.016,
1998,12,-0.032,-0.000,
1999,1,0.032,-0.003,
1999,2,0.047,-0.003,
1999,3,-0.017,0.002,
1999,4,-0.043,-0.012,
1999,5,-0.008,-0.030,
1999,6,-0.040,-0.031,
1999,7,-0.039,-0.022,
1999,8,-0.026,-0.029,
1999,9,0.002,-0.033,
1999,10,-0.043,-0.035,
1999,11,-0.060,-0.044,
1999,12,-0.047,-0.059,
2000,1,-0.073,-0.055,
2000,2,-0.070,-0.053,
2000,3,-0.024,-0.053,
2000,4,-0.048,-0.046,
2000,5,-0.047,-0.035,
2000,6,-0.039,-0.040,
2000,7,-0.015,-0.039,
2000,8,-0.051,-0.044,
2000,9,-0.043,-0.035,
2000,10,-0.075,-0.055,
2000,11,0.006,-0.075,
2000,12,-0.110,-0.095,
2001,1,-0.151,-0.089,
2001,2,-0.145,-0.103,
2001,3,-0.042,-0.096,
2001,4,-0.066,-0.085,
2001,5,-0.075,-0.064,
2001,6,-0.094,-0.060,
2001,7,-0.041,-0.063,
2001,8,-0.025,-0.063,
2001,9,-0.081,-0.046,
2001,10,-0.077,-0.039,
2001,11,-0.004,-0.054,
2001,12,-0.008,-0.055,
2002,1,-0.099,-0.058,
2002,2,-0.089,-0.067,
2002,3,-0.091,-0.077,
2002,4,-0.048,-0.061,
2002,5,-0.054,-0.055,
2002,6,-0.020,-0.043,
2002,7,-0.062,-0.021,
2002,8,-0.032,-0.007,
2002,9,0.061,-0.021,
2002,10,0.018,-0.024,
2002,11,-0.088,-0.038,
2002,12,-0.080,-0.059,
2003,1,-0.099,-0.051,
2003,2,-0.045,-0.037,
2003,3,0.056,-0.021,
2003,4,-0.015,0.004,
2003,5,0.001,0.021,
2003,6,0.022,0.016,
2003,7,0.043,0.023,
2003,8,0.031,0.025,
2003,9,0.016,0.026,
2003,10,0.011,0.011,
2003,11,0.028,-0.001,
2003,12,-0.033,-0.012,
2004,1,-0.027,-0.029,
2004,2,-0.038,-0.059,
2004,3,-0.076,-0.061,
2004,4,-0.118,-0.062,
2004,5,-0.044,-0.064,
2004,6,-0.033,-0.064,
2004,7,-0.050,-0.053,
2004,8,-0.076,-0.042,
2004,9,-0.062,-0.025,
2004,10,0.010,-0.032,
2004,11,0.051,-0.017,
2004,12,-0.084,0.008,
2005,1,0.001,-0.004,
2005,2,0.064,0.013,
2005,3,-0.049,0.033,
2005,4,0.137,0.049,
2005,5,0.014,0.060,
2005,6,0.080,0.080,
2005,7,0.121,0.058,
2005,8,0.047,0.042,
2005,9,0.028,0.013,
2005,10,-0.066,-0.026,
2005,11,-0.065,-0.043,
2005,12,-0.076,-0.062,
2006,1,-0.036,-0.056,
2006,2,-0.064,-0.055,
2006,3,-0.038,-0.050,
2006,4,-0.061,-0.053,
2006,5,-0.049,-0.059,
2006,6,-0.051,-0.070,
2006,7,-0.096,-0.069,
2006,8,-0.093,-0.071,
2006,9,-0.057,-0.083,
2006,10,-0.056,-0.083,
2006,11,-0.114,-0.079,
2006,12,-0.095,-0.087,
2007,1,-0.073,-0.100,
2007,2,-0.097,-0.103,
2007,3,-0.117,-0.087,
2007,4,-0.132,-0.082,
2007,5,-0.015,-0.076,
2007,6,-0.048,-0.062,
2007,7,-0.067,-0.050,
2007,8,-0.046,-0.050,
2007,9,-0.074,-0.060,
2007,10,-0.017,-0.059,
2007,11,-0.094,-0.066,
2007,12,-0.063,-0.063,
2008,1,-0.083,-0.074,
2008,2,-0.058,-0.067,
2008,3,-0.069,-0.060,
2008,4,-0.062,-0.058,
2008,5,-0.029,-0.051,
2008,6,-0.070,
2008,7,-0.026,
2008,10,-0.031,
2008,11,-0.058,
2008,12,-0.027,-0.069,
2009,1,-0.105,-0.066,
2009,2,-0.124,-0.032,
2009,3,-0.017,-0.032,
2009,4,0.115,-0.018,
2009,5,-0.028,0.002,
2009,6,-0.034,0.005,
2009,7,-0.027,-0.004,
2009,8,-0.002,0.008,
2009,9,0.071,0.027,
2009,10,0.030,0.059,
2009,11,0.064,0.068,
2009,12,0.134,0.063,
2010,1,0.041,0.048,
2010,2,0.047,0.020,
2010,3,-0.046,-0.005,
2010,4,-0.074,-0.009,
2010,5,0.006,-0.009,
2010,6,0.021,0.007,
2010,7,0.046,0.033,
2010,8,0.038,0.019,
2010,9,0.056,0.009,
2010,10,-0.068,-0.038,
2010,11,-0.028,-0.072,
2010,12,-0.186,-0.109,
2011,1,-0.134,-0.108,
2011,2,-0.130,-0.118,
2011,3,-0.063,-0.096,
2011,4,-0.077,-0.077,
2011,5,-0.078,-0.047,
2011,6,-0.038,-0.043,
2011,7,0.021,-0.036,
2011,8,-0.041,-0.039,
2011,9,-0.042,-0.036,
2011,10,-0.095,-0.046,
2011,11,-0.025,-0.049,
2011,12,-0.026,-0.049,
2012,1,-0.056,-0.034,
2012,2,-0.041,-0.033,
2012,3,-0.020,-0.023,
2012,4,-0.022,0.017,
2012,5,0.023,0.035,
2012,6,0.144,0.054,
2012,7,0.048,0.057,
2012,8,0.076,0.043,
2012,9,-0.006,0.017,
2012,10,-0.046,0.010,
2012,11,0.014,-0.007,
2012,12,0.015,-0.003,
2013,1,-0.009,0.001,
2013,2,0.013,-0.007,
2013,3,-0.028,-0.015,
2013,4,-0.024,-0.013,
2013,5,-0.029,0.002,
2013,6,0.002,0.013,
2013,7,0.089,0.022,
2013,8,0.030,0.035,
2013,9,0.020,0.034,
2013,10,0.035,0.018,
2013,11,-0.001,-0.000,
2013,12,0.005,-0.007,
2014,1,-0.059,-0.026,
2014,2,-0.017,-0.021,
2014,3,-0.056,-0.019,
2014,4,0.020,-0.011,
2014,5,0.018,-0.022,
2014,6,-0.019,-0.020,
2014,7,-0.074,-0.026,
2014,8,-0.043,-0.032,
2014,9,-0.011,-0.042,
2014,10,-0.013,-0.011,
2014,11,-0.067,-0.004,
2014,12,0.078,-0.008,
2015,1,-0.008,-0.024,
2015,2,-0.030,-0.016,
2015,3,-0.091,-0.031,
2015,4,-0.027,-0.038,
2015,5,-0.001,-0.039,
2015,6,-0.040,-0.018,
2015,7,-0.035,-0.016,
2015,8,0.013,0.006,
2015,9,-0.018,0.036,
2015,10,0.108,0.073,
2015,11,0.113,0.109,
2015,12,0.150,0.122,
2016,1,0.194,0.104,
2016,2,0.045,0.101,
2016,3,0.019,0.079,
2016,4,0.097,0.044,
2016,5,0.041,0.038,
2016,6,0.017,0.049,
2016,7,0.018,0.043,
2016,8,0.073,0.036,
2016,9,0.064,0.050,
2016,10,0.008,0.050,
2016,11,0.085,0.054,
2016,12,0.021,0.041,
2017,1,0.093,0.025,
2017,2,-0.002,0.014,
2017,3,-0.071,0.005,
2017,4,0.030,-0.004,
2017,5,-0.025,-0.001,
2017,6,0.049,0.017,
2017,7,0.011,0.005,
2017,8,0.022,0.029,
2017,9,-0.034,0.021,
2017,10,0.095,0.015,
2017,11,0.010,-0.015,
2017,12,-0.017,-0.006,
2018,1,-0.127,-0.024,
2018,2,0.009,-0.035,
2018,3,0.003,-0.021,
2018,4,-0.043,-0.008,
2018,5,0.052,-0.007,
2018,6,-0.063,0.006,
2018,7,0.018,0.027,
2018,8,0.065,0.042,
2018,9,0.063,0.056,
2018,10,0.125,0.083,
2018,11,0.010,0.087,
2018,12,0.153,0.090,
2019,1,0.082,0.072,
2019,2,0.079,0.079,
2019,3,0.035,0.064,
2019,4,0.045,0.062,
2019,5,0.077,0.062,
2019,6,0.073,0.061,
2019,7,0.082,0.055,
2019,8,0.030,0.085,
2019,9,0.016,0.089,
2019,10,0.224,0.079,
2019,11,0.091,0.087,
2019,12,0.033,0.090,
2020,1,0.068,0.056,
2020,2,0.033,0.050,
2020,3,0.056,0.049,
2020,4,0.057,0.052,
2020,5,0.031,0.049,
2020,6,0.082,0.048,
2020,7,0.021,0.064,
2020,8,0.049,0.083,
2020,9,0.136,0.082,
2020,10,0.128,0.071,
2020,11,0.074,0.063,
2020,12,-0.032,0.043,
2021,1,0.007,0.021,
2021,2,0.035,0.012,
2021,3,0.022,0.019,
2021,4,0.026,0.026,
2021,5,0.006,0.021,
2021,6,0.043,0.034,
2021,7,0.008,0.031,
2021,8,0.087,0.052,
2021,9,0.014,0.051,
2021,10,0.106,0.066,
2021,11,0.041,0.060,
2021,12,0.079,0.064,
2022,1,0.059,0.045,
2022,2,0.033,0.043,
2022,3,0.013,0.044,
2022,4,0.031,0.042,
2022,5,0.084,0.042,
2022,6,0.047,0.050,
2022,7,0.034,0.047,
2022,8,0.056,0.034,
2022,9,0.014,0.033,
2022,10,0.018,0.048,
2022,11,0.042,0.050,
2022,12,0.107,0.052,
2023,1,0.069,0.064,
2023,2,0.023,0.071,
2023,3,0.079,0.056,
2023,4,0.076,0.061,
2023,5,0.034,0.052,
2023,6,0.093,0.041,
2023,7,-0.021,0.030,
2023,8,0.024,0.040,
2023,9,0.023,0.035,
2023,10,0.080,0.049,
2023,11,0.068,0.046,
2023,12,0.048,0.051,
2024,1,0.012,0.041,
2024,2,0.047,0.033,
2024,3,0.030,0.034,
2024,4,0.026,0.046,
2024,5,0.056,0.038,
2024,6,0.069,0.033,
2024,7,0.011,0.056,
2024,8,0.003,0.055,
2024,9,0.143,0.066,
2024,10,0.048,
2024,11,0.123,
