Interannual variation of monthly mean sea level and the 5-month centered average.
The values are in meters.  The average seasonal cycle and the relative sea level trend have been removed.
Column values are the Year; Month; Interannual Variation; and the 5-month centered average of the Interannual Variation.
Product of NOAAs National Ocean Service / Center for Operational Oceanographic Products and Services (CO-OPS)

Year, Month, Interannual_Variation, Five_Month_Average
1923,5,0.114,
1923,6,0.115,
1923,7,0.026,0.054,
1923,8,0.009,0.044,
1923,9,0.007,0.022,
1923,10,0.065,0.023,
1923,11,0.001,0.019,
1923,12,0.031,0.019,
1924,1,-0.008,0.007,
1924,2,0.004,-0.016,
1924,3,0.006,-0.047,
1924,4,-0.112,-0.053,
1924,5,-0.126,-0.057,
1924,6,-0.037,-0.071,
1924,7,-0.014,-0.050,
1924,8,-0.067,-0.031,
1924,9,-0.008,-0.030,
1924,10,-0.029,-0.039,
1924,11,-0.035,-0.012,
1924,12,-0.059,0.002,
1925,1,0.071,0.003,
1925,2,0.063,0.004,
1925,3,-0.024,0.005,
1925,4,-0.033,-0.016,
1925,5,-0.050,-0.042,
1925,6,-0.036,-0.048,
1925,7,-0.068,-0.052,
1925,8,-0.051,-0.049,
1925,9,-0.056,-0.034,
1925,10,-0.034,-0.028,
1925,11,0.042,-0.024,
1925,12,-0.041,-0.023,
1926,1,-0.028,-0.025,
1926,2,-0.052,-0.042,
1926,3,-0.046,-0.047,
1926,4,-0.042,-0.051,
1926,5,-0.065,-0.055,
1926,6,-0.051,-0.031,
1926,7,-0.071,-0.003,
1926,8,0.071,0.021,
1926,9,0.103,0.025,
1926,10,0.054,0.053,
1926,11,-0.034,0.035,
1926,12,0.069,0.033,
1927,1,-0.016,0.028,
1927,2,0.094,0.044,
1927,3,0.026,0.024,
1927,4,0.045,0.029,
1927,5,-0.027,0.020,
1927,6,0.010,0.016,
1927,7,0.048,-0.007,
1927,8,0.004,-0.016,
1927,9,-0.071,-0.020,
1927,10,-0.074,-0.026,
1927,11,-0.007,-0.043,
1927,12,0.015,-0.039,
1928,1,-0.080,-0.029,
1928,2,-0.052,-0.029,
1928,3,-0.023,-0.027,
1928,4,-0.007,-0.011,
1928,5,0.025,-0.001,
1928,6,0.002,0.004,
1928,7,-0.000,0.002,
1928,8,0.002,-0.007,
1928,9,-0.015,-0.014,
1928,10,-0.025,-0.011,
1928,11,-0.033,-0.006,
1928,12,0.018,0.011,
1929,1,0.024,0.053,
1929,2,0.068,0.082,
1929,3,0.187,0.093,
1929,4,0.112,0.103,
1929,5,0.074,0.115,
1929,6,0.075,0.087,
1929,7,0.125,0.074,
1929,8,0.048,0.058,
1929,9,0.046,0.056,
1929,10,-0.005,0.031,
1929,11,0.064,0.029,
1929,12,0.000,0.034,
1930,1,0.040,0.034,
1930,2,0.071,0.016,
1930,3,-0.004,0.016,
1930,4,-0.027,0.000,
1930,5,0.001,-0.029,
1930,6,-0.038,-0.043,
1930,7,-0.076,-0.051,
1930,8,-0.074,-0.060,
1930,9,-0.067,-0.067,
1930,10,-0.048,-0.065,
1930,11,-0.070,-0.064,
1930,12,-0.069,-0.045,
1931,1,-0.067,-0.036,
1931,2,0.028,-0.041,
1931,3,-0.001,-0.060,
1931,4,-0.094,-0.078,
1931,5,-0.166,-0.086,
1931,6,-0.157,-0.097,
1931,7,-0.014,-0.096,
1931,8,-0.052,-0.070,
1931,9,-0.091,-0.049,
1931,10,-0.036,-0.032,
1931,11,-0.053,0.000,
1931,12,0.071,0.038,
1932,1,0.110,0.036,
1932,2,0.096,0.031,
1932,3,-0.046,0.010,
1932,4,-0.076,-0.015,
1932,5,-0.035,-0.037,
1932,6,-0.015,-0.022,
1932,7,-0.011,-0.003,
1932,8,0.025,0.006,
1932,9,0.023,0.000,
1932,10,0.008,0.022,
1932,11,-0.044,0.026,
1932,12,0.099,0.037,
1933,1,0.044,0.040,
1933,2,0.078,0.082,
1933,3,0.021,0.082,
1933,4,0.166,0.075,
1933,5,0.103,0.074,
1933,6,0.009,0.080,
1933,7,0.069,0.052,
1933,8,0.055,0.037,
1933,9,0.026,0.030,
1933,10,0.023,0.015,
1933,11,-0.023,0.011,
1933,12,-0.004,-0.006,
1934,1,0.032,-0.024,
1934,2,-0.056,-0.030,
1934,3,-0.067,-0.045,
1934,4,-0.057,-0.056,
1934,5,-0.077,-0.056,
1934,6,-0.025,-0.055,
1934,7,-0.056,-0.058,
1934,8,-0.060,-0.037,
1934,9,-0.072,-0.025,
1934,10,0.026,-0.021,
1934,11,0.039,-0.013,
1934,12,-0.037,-0.013,
1935,1,-0.023,-0.024,
1935,2,-0.070,-0.040,
1935,3,-0.030,-0.025,
1935,4,-0.038,-0.020,
1935,5,0.036,0.007,
1935,6,0.004,0.016,
1935,7,0.061,0.004,
1935,8,0.017,-0.006,
1935,9,-0.098,-0.003,
1935,10,-0.015,-0.024,
1935,11,0.021,-0.010,
1935,12,-0.046,0.017,
1936,1,0.091,0.008,
1936,2,0.033,-0.006,
1936,3,-0.060,0.011,
1936,4,-0.051,0.006,
1936,5,0.040,0.001,
1936,6,0.068,0.022,
1936,7,0.006,0.029,
1936,8,0.047,0.020,
1936,9,-0.016,-0.011,
1936,10,-0.006,-0.013,
1936,11,-0.086,0.003,
1936,12,-0.003,0.024,
1937,1,0.128,0.032,
1937,2,0.085,0.060,
1937,3,0.035,0.067,
1937,4,0.057,0.045,
1937,5,0.031,0.039,
1937,6,0.019,0.038,
1937,7,0.052,0.019,
1937,8,0.033,0.011,
1937,9,-0.040,0.008,
1937,10,-0.009,0.003,
1937,11,0.004,-0.003,
1937,12,0.025,-0.003,
1938,1,0.003,0.009,
1938,2,-0.036,0.019,
1938,3,0.050,0.013,
1938,4,0.051,0.002,
1938,5,-0.002,0.011,
1938,6,-0.053,0.015,
1938,7,0.007,-0.004,
1938,8,0.070,-0.004,
1938,9,-0.039,0.010,
1938,10,-0.002,0.010,
1938,11,0.016,-0.000,
1938,12,0.004,0.012,
1939,1,0.022,0.011,
1939,2,0.019,0.005,
1939,3,-0.004,0.003,
1939,4,-0.019,0.007,
1939,5,-0.002,-0.002,
1939,6,0.039,0.002,
1939,7,-0.026,0.004,
1939,8,0.015,0.017,
1939,9,-0.005,0.010,
1939,10,0.062,0.011,
1939,11,0.004,-0.014,
1939,12,-0.020,-0.027,
1940,1,-0.109,-0.050,
1940,2,-0.072,-0.067,
1940,3,-0.052,-0.076,
1940,4,-0.079,-0.060,
1940,5,-0.065,-0.040,
1940,6,-0.031,-0.031,
1940,7,0.025,-0.014,
1940,8,-0.006,-0.002,
1940,9,0.004,0.005,
1940,10,-0.002,0.013,
1940,11,0.002,0.018,
1940,12,0.066,0.010,
1941,1,0.022,-0.009,
1941,2,-0.035,-0.014,
1941,3,-0.098,-0.032,
1941,4,-0.027,-0.043,
1941,5,-0.022,-0.025,
1941,6,-0.030,-0.015,
1941,7,0.054,0.009,
1941,8,-0.048,0.025,
1941,9,0.093,0.035,
1941,10,0.060,0.034,
1941,11,0.017,0.045,
1941,12,0.047,0.033,
1942,1,0.011,0.022,
1942,2,0.033,0.020,
1942,3,0.000,0.011,
1942,4,0.010,0.017,
1942,5,0.002,0.012,
1942,6,0.037,0.018,
1942,7,0.008,0.017,
1942,8,0.034,0.020,
1942,9,0.005,0.016,
1942,10,0.017,0.010,
1942,11,0.017,0.002,
1942,12,-0.026,-0.001,
1943,1,-0.004,0.005,
1943,2,-0.010,0.008,
1943,3,0.050,0.025,
1943,4,0.029,0.040,
1943,5,0.061,0.039,
1943,6,0.070,0.033,
1943,7,-0.013,0.042,
1943,8,0.016,0.040,
1943,9,0.075,0.022,
1943,10,0.051,0.026,
1943,11,-0.019,0.024,
1943,12,0.006,0.010,
1944,1,0.005,0.019,
1944,2,0.006,0.046,
1944,3,0.095,0.064,
1944,4,0.117,0.080,
1944,5,0.098,0.090,
1944,6,0.084,0.080,
1944,7,0.055,0.064,
1944,8,0.048,0.042,
1944,9,0.036,0.038,
1944,10,-0.013,0.015,
1944,11,0.067,0.000,
1944,12,-0.064,-0.012,
1945,1,-0.025,-0.009,
1945,2,-0.024,-0.003,
1945,3,0.001,0.017,
1945,4,0.096,0.029,
1945,5,0.037,0.038,
1945,6,0.032,0.056,
1945,7,0.025,0.046,
1945,8,0.087,0.050,
1945,9,0.049,0.044,
1945,10,0.058,0.039,
1945,11,0.003,0.032,
1945,12,0.000,0.023,
1946,1,0.052,0.019,
1946,2,0.000,0.024,
1946,3,0.042,0.044,
1946,4,0.024,0.053,
1946,5,0.102,0.059,
1946,6,0.099,0.061,
1946,7,0.031,0.070,
1946,8,0.051,0.062,
1946,9,0.064,0.067,
1946,10,0.064,0.078,
1946,11,0.122,0.084,
1946,12,0.086,0.066,
1947,1,0.082,0.065,
1947,2,-0.024,0.047,
1947,3,0.057,0.043,
1947,4,0.036,0.039,
1947,5,0.065,0.041,
1947,6,0.062,0.038,
1947,7,-0.014,0.032,
1947,8,0.043,0.026,
1947,9,0.004,0.041,
1947,10,0.034,0.073,
1947,11,0.138,0.070,
1947,12,0.147,0.081,
1948,1,0.028,0.119,
1948,2,0.056,0.122,
1948,3,0.228,0.104,
1948,4,0.152,0.107,
1948,5,0.056,0.121,
1948,6,0.045,0.092,
1948,7,0.123,0.080,
1948,8,0.085,0.085,
1948,9,0.093,0.103,
1948,10,0.078,0.097,
1948,11,0.138,0.097,
1948,12,0.089,0.096,
1949,1,0.087,0.091,
1949,2,0.090,0.068,
1949,3,0.048,0.057,
1949,4,0.028,0.051,
1949,5,0.030,0.056,
1949,6,0.060,0.048,
1949,7,0.114,0.051,
1949,8,0.009,0.072,
1949,9,0.041,0.051,
1949,10,0.136,0.036,
1949,11,-0.044,0.066,
1949,12,0.039,0.074,
1950,1,0.160,0.050,
1950,2,0.078,0.066,
1950,3,0.015,0.058,
1950,4,0.037,0.018,
1950,5,0.002,0.009,
1950,6,-0.043,0.022,
1950,7,0.032,0.012,
1950,8,0.080,0.016,
1950,9,-0.014,0.021,
1950,10,0.023,0.021,
1950,11,-0.016,0.015,
1950,12,0.033,0.017,
1951,1,0.050,0.023,
1951,2,-0.007,0.025,
1951,3,0.055,0.006,
1951,4,-0.005,-0.013,
1951,5,-0.062,-0.013,
1951,6,-0.045,-0.029,
1951,7,-0.010,-0.028,
1951,8,-0.023,-0.019,
1951,9,-0.001,-0.019,
1951,10,-0.016,-0.002,
1951,11,-0.043,0.015,
1951,12,0.072,0.030,
1952,1,0.063,0.046,
1952,2,0.073,0.049,
1952,3,0.067,0.037,
1952,4,-0.029,0.013,
1952,5,0.010,0.001,
1952,6,-0.057,-0.020,
1952,7,0.015,-0.017,
1952,8,-0.038,-0.045,
1952,9,-0.016,-0.049,
1952,10,-0.128,-0.047,
1952,11,-0.077,-0.040,
1952,12,0.024,-0.032,
1953,1,-0.001,-0.010,
1953,2,0.024,0.005,
1953,3,-0.020,0.013,
1953,4,-0.001,0.034,
1953,5,0.061,0.026,
1953,6,0.104,0.028,
1953,7,-0.013,0.022,
1953,8,-0.013,0.006,
1953,9,-0.028,-0.022,
1953,10,-0.019,-0.009,
1953,11,-0.039,0.001,
1953,12,0.052,0.010,
1954,1,0.036,0.010,
1954,2,0.019,0.018,
1954,3,-0.017,0.014,
1954,4,-0.001,-0.003,
1954,5,0.031,-0.018,
1954,6,-0.047,-0.027,
1954,7,-0.054,-0.028,
1954,8,-0.065,-0.044,
1954,9,-0.006,-0.049,
1954,10,-0.048,-0.057,
1954,11,-0.073,-0.049,
1954,12,-0.091,-0.045,
1955,1,-0.027,-0.047,
1955,2,0.016,-0.029,
1955,3,-0.060,-0.011,
1955,4,0.017,-0.001,
1955,5,-0.002,0.009,
1955,6,0.026,0.020,
1955,7,0.065,0.011,
1955,8,-0.004,0.005,
1955,9,-0.030,-0.006,
1955,10,-0.033,-0.026,
1955,11,-0.027,-0.036,
1955,12,-0.035,-0.027,
1956,1,-0.057,-0.023,
1956,2,0.016,-0.021,
1956,3,-0.013,-0.018,
1956,4,-0.015,-0.009,
1956,5,-0.020,-0.022,
1956,6,-0.013,-0.030,
1956,7,-0.048,-0.027,
1956,8,-0.055,-0.023,
1956,9,0.000,-0.026,
1956,10,0.001,-0.030,
1956,11,-0.029,-0.022,
1956,12,-0.069,-0.012,
1957,1,-0.015,-0.013,
1957,2,0.054,0.001,
1957,3,-0.004,0.026,
1957,4,0.040,0.051,
1957,5,0.053,0.053,
1957,6,0.113,0.058,
1957,7,0.063,0.061,
1957,8,0.022,0.057,
1957,9,0.053,0.051,
1957,10,0.035,0.035,
1957,11,0.084,0.029,
1957,12,-0.020,-0.001,
1958,1,-0.005,-0.008,
1958,2,-0.096,-0.024,
1958,3,-0.001,-0.025,
1958,4,0.003,-0.022,
1958,5,-0.029,0.003,
1958,6,0.012,0.002,
1958,7,0.029,0.013,
1958,8,-0.006,0.030,
1958,9,0.059,0.040,
1958,10,0.057,0.030,
1958,11,0.060,0.033,
1958,12,-0.020,0.021,
1959,1,0.008,0.008,
1959,2,-0.001,-0.001,
1959,3,-0.009,0.011,
1959,4,0.016,0.024,
1959,5,0.042,0.033,
1959,6,0.070,0.042,
1959,7,0.048,0.041,
1959,8,0.031,0.048,
1959,9,0.011,0.033,
1959,10,0.078,0.023,
1959,11,-0.004,0.027,
1959,12,-0.004,0.032,
1960,1,0.053,0.010,
1960,2,0.036,0.012,
1960,3,-0.033,0.001,
1960,4,0.007,-0.002,
1960,5,-0.058,-0.001,
1960,6,0.038,0.014,
1960,7,0.042,0.015,
1960,8,0.044,0.026,
1960,9,0.009,0.012,
1960,10,-0.003,0.003,
1960,11,-0.028,-0.019,
1960,12,-0.007,-0.007,
1961,1,-0.067,0.013,
1961,2,0.073,0.024,
1961,3,0.092,0.024,
1961,4,0.029,0.034,
1961,5,-0.009,0.035,
1961,6,-0.017,0.032,
1961,7,0.079,0.043,
1961,8,0.078,0.044,
1961,9,0.085,0.059,
1961,10,-0.006,0.062,
1961,11,0.058,0.045,
1961,12,0.097,0.037,
1962,1,-0.009,0.053,
1962,2,0.043,0.039,
1962,3,0.075,0.012,
1962,4,-0.013,0.014,
1962,5,-0.036,-0.005,
1962,6,0.001,-0.022,
1962,7,-0.049,-0.025,
1962,8,-0.014,-0.029,
1962,9,-0.028,-0.044,
1962,10,-0.058,-0.046,
1962,11,-0.073,-0.043,
1962,12,-0.057,-0.055,
1963,1,0.000,-0.054,
1963,2,-0.088,-0.045,
1963,3,-0.053,-0.047,
1963,4,-0.025,-0.059,
1963,5,-0.069,-0.059,
1963,6,-0.062,-0.068,
1963,7,-0.084,-0.073,
1963,8,-0.101,-0.071,
1963,9,-0.045,-0.063,
1963,10,-0.061,-0.072,
1963,11,-0.024,-0.068,
1963,12,-0.130,-0.073,
1964,1,-0.079,-0.067,
1964,2,-0.072,-0.073,
1964,3,-0.032,-0.051,
1964,4,-0.055,-0.051,
1964,5,-0.017,-0.047,
1964,6,-0.080,-0.046,
1964,7,-0.054,-0.042,
1964,8,-0.022,-0.051,
1964,9,-0.039,-0.045,
1964,10,-0.060,-0.034,
1964,11,-0.051,-0.027,
1964,12,0.004,-0.015,
1965,1,0.013,-0.015,
1965,2,0.019,-0.015,
1965,3,-0.058,-0.027,
1965,4,-0.051,-0.027,
1965,5,-0.056,-0.034,
1965,6,0.014,-0.017,
1965,7,-0.017,0.017,
1965,8,0.024,0.029,
1965,9,0.120,0.035,
1965,10,0.001,0.044,
1965,11,0.044,0.049,
1965,12,0.032,0.028,
1966,1,0.050,0.025,
1966,2,0.010,0.011,
1966,3,-0.009,0.013,
1966,4,-0.027,-0.006,
1966,5,0.039,-0.021,
1966,6,-0.043,-0.032,
1966,7,-0.065,-0.041,
1966,8,-0.066,-0.065,
1966,9,-0.072,-0.074,
1966,10,-0.081,-0.070,
1966,11,-0.086,-0.059,
1966,12,-0.047,-0.043,
1967,1,-0.011,-0.039,
1967,2,0.008,-0.021,
1967,3,-0.061,-0.011,
1967,4,0.004,0.003,
1967,5,0.002,0.001,
1967,6,0.064,0.015,
1967,7,-0.004,0.005,
1967,8,0.010,-0.012,
1967,9,-0.047,-0.026,
1967,10,-0.080,-0.010,
1967,11,-0.010,-0.015,
1967,12,0.078,-0.018,
1968,1,-0.016,-0.020,
1968,2,-0.062,-0.032,
1968,3,-0.089,-0.071,
1968,4,-0.072,-0.095,
1968,5,-0.116,-0.088,
1968,6,-0.134,-0.079,
1968,7,-0.031,-0.078,
1968,8,-0.042,-0.071,
1968,9,-0.068,-0.067,
1968,10,-0.080,-0.082,
1968,11,-0.117,-0.080,
1968,12,-0.104,-0.064,
1969,1,-0.031,-0.056,
1969,2,0.014,-0.041,
1969,3,-0.042,-0.036,
1969,4,-0.044,-0.039,
1969,5,-0.079,-0.052,
1969,6,-0.042,-0.038,
1969,7,-0.053,-0.052,
1969,8,0.026,-0.038,
1969,9,-0.111,-0.050,
1969,10,-0.013,-0.049,
1969,11,-0.097,-0.073,
1969,12,-0.052,-0.070,
1970,1,-0.095,-0.066,
1970,2,-0.094,-0.044,
1970,3,0.007,-0.030,
1970,4,0.014,-0.008,
1970,5,0.015,0.008,
1970,6,0.020,0.018,
1970,7,-0.015,0.012,
1970,8,0.054,0.025,
1970,9,-0.012,0.007,
1970,10,0.077,0.016,
1970,11,-0.067,0.011,
1970,12,0.027,0.017,
1971,1,0.031,-0.007,
1971,2,0.016,-0.000,
1971,3,-0.042,-0.019,
1971,4,-0.035,-0.053,
1971,5,-0.063,-0.066,
1971,6,-0.139,-0.066,
1971,7,-0.052,-0.059,
1971,8,-0.041,-0.047,
1971,9,0.000,-0.006,
1971,10,-0.003,0.027,
1971,11,0.067,0.052,
1971,12,0.114,0.042,
1972,1,0.082,0.043,
1972,2,-0.048,0.035,
1972,3,0.002,0.027,
1972,4,0.027,0.022,
1972,5,0.074,0.042,
1972,6,0.056,0.030,
1972,7,0.049,0.023,
1972,8,-0.055,0.016,
1972,9,-0.009,0.010,
1972,10,0.037,0.007,
1972,11,0.026,0.040,
1972,12,0.038,0.055,
1973,1,0.107,0.080,
1973,2,0.068,0.099,
1973,3,0.164,0.097,
1973,4,0.119,0.079,
1973,5,0.026,0.061,
1973,6,0.018,0.034,
1973,7,-0.023,0.018,
1973,8,0.031,0.023,
1973,9,0.041,0.037,
1973,10,0.050,0.049,
1973,11,0.087,0.057,
1973,12,0.035,0.054,
1974,1,0.071,0.039,
1974,2,0.026,0.028,
1974,3,-0.022,0.034,
1974,4,0.030,0.027,
1974,5,0.062,0.017,
1974,6,0.036,0.016,
1974,7,-0.023,0.015,
1974,8,-0.027,0.004,
1974,9,0.026,-0.009,
1974,10,0.008,-0.006,
1974,11,-0.029,0.006,
1974,12,-0.010,0.027,
1975,1,0.035,0.043,
1975,2,0.129,0.060,
1975,3,0.089,0.077,
1975,4,0.056,0.082,
1975,5,0.079,0.077,
1975,6,0.057,0.089,
1975,7,0.102,0.099,
1975,8,0.150,0.091,
1975,9,0.108,0.097,
1975,10,0.038,0.096,
1975,11,0.088,0.054,
1975,12,0.097,0.016,
1976,1,-0.063,0.006,
1976,2,-0.077,-0.010,
1976,3,-0.015,-0.024,
1976,4,0.007,0.001,
1976,5,0.030,0.007,
1976,6,0.062,-0.003,
1976,7,-0.046,-0.020,
1976,8,-0.069,-0.050,
1976,9,-0.077,-0.087,
1976,10,-0.116,-0.083,
1976,11,-0.123,-0.084,
1976,12,-0.031,-0.089,
1977,1,-0.074,-0.069,
1977,2,-0.101,-0.046,
1977,3,-0.015,-0.035,
1977,4,-0.008,-0.029,
1977,5,0.024,-0.017,
1977,6,-0.045,-0.005,
1977,7,-0.040,0.010,
1977,8,0.044,-0.010,
1977,9,0.066,0.005,
1977,10,-0.077,0.005,
1977,11,0.030,-0.018,
1977,12,-0.040,-0.041,
1978,1,-0.068,-0.039,
1978,2,-0.049,-0.055,
1978,3,-0.066,-0.044,
1978,4,-0.053,-0.029,
1978,5,0.019,-0.021,
1978,6,0.007,-0.017,
1978,7,-0.010,-0.013,
1978,8,-0.047,-0.025,
1978,9,-0.034,-0.021,
1978,10,-0.043,-0.026,
1978,11,0.027,-0.028,
1978,12,-0.033,-0.029,
1979,1,-0.058,-0.011,
1979,2,-0.039,-0.002,
1979,3,0.050,0.001,
1979,4,0.072,0.007,
1979,5,-0.018,0.030,
1979,6,-0.029,0.022,
1979,7,0.077,0.021,
1979,8,0.008,0.015,
1979,9,0.067,0.009,
1979,10,-0.049,-0.015,
1979,11,-0.057,-0.011,
1979,12,-0.045,-0.029,
1980,1,0.027,-0.021,
1980,2,-0.024,-0.005,
1980,3,-0.008,0.006,
1980,4,0.026,-0.008,
1980,5,0.010,-0.010,
1980,6,-0.044,-0.017,
1980,7,-0.033,-0.036,
1980,8,-0.043,-0.073,
1980,9,-0.070,-0.075,
1980,10,-0.173,-0.081,
1980,11,-0.054,-0.091,
1980,12,-0.067,-0.076,
1981,1,-0.091,-0.053,
1981,2,0.007,-0.049,
1981,3,-0.059,-0.038,
1981,4,-0.036,-0.028,
1981,5,-0.008,-0.033,
1981,6,-0.044,-0.027,
1981,7,-0.018,-0.042,
1981,8,-0.028,-0.065,
1981,9,-0.115,-0.060,
1981,10,-0.121,-0.072,
1981,11,-0.018,-0.077,
1981,12,-0.078,-0.055,
1982,1,-0.054,-0.034,
1982,2,-0.005,-0.046,
1982,3,-0.016,-0.043,
1982,4,-0.079,-0.042,
1982,5,-0.062,-0.059,
1982,6,-0.050,-0.070,
1982,7,-0.087,-0.071,
1982,8,-0.073,-0.062,
1982,9,-0.081,-0.050,
1982,10,-0.020,-0.010,
1982,11,0.011,0.013,
1982,12,0.114,0.045,
1983,1,0.043,0.066,
1983,2,0.078,0.072,
1983,3,0.082,0.060,
1983,4,0.040,0.056,
1983,5,0.054,0.039,
1983,6,0.024,0.013,
1983,7,-0.007,-0.009,
1983,8,-0.045,-0.024,
1983,9,-0.072,-0.022,
1983,10,-0.019,-0.028,
1983,11,0.032,-0.022,
1983,12,-0.035,-0.017,
1984,1,-0.014,-0.022,
1984,2,-0.047,-0.033,
1984,3,-0.049,-0.032,
1984,4,-0.020,-0.028,
1984,5,-0.028,-0.009,
1984,6,0.003,-0.001,
1984,7,0.051,-0.002,
1984,8,-0.012,0.011,
1984,9,-0.023,0.015,
1984,10,0.036,0.016,
1984,11,0.023,0.011,
1984,12,0.054,0.012,
1985,1,-0.035,0.002,
1985,2,-0.019,-0.011,
1985,3,-0.015,-0.024,
1985,4,-0.038,-0.028,
1985,5,-0.015,-0.033,
1985,6,-0.052,-0.012,
1985,7,-0.044,-0.002,
1985,8,0.087,0.019,
1985,9,0.014,0.042,
1985,10,0.090,0.047,
1985,11,0.061,0.024,
1985,12,-0.016,0.027,
1986,1,-0.032,-0.002,
1986,2,0.033,-0.014,
1986,3,-0.054,0.002,
1986,4,-0.002,0.011,
1986,5,0.064,-0.012,
1986,6,0.013,-0.021,
1986,7,-0.079,-0.021,
1986,8,-0.099,-0.028,
1986,9,-0.006,-0.015,
1986,10,0.034,0.003,
1986,11,0.076,0.024,
1986,12,0.012,0.037,
1987,1,0.006,0.056,
1987,2,0.055,0.016,
1987,3,0.132,0.003,
1987,4,-0.126,0.003,
1987,5,-0.051,-0.006,
1987,6,0.004,-0.051,
1987,7,0.012,-0.045,
1987,8,-0.096,-0.077,
1987,9,-0.095,-0.086,
1987,10,-0.210,-0.092,
1987,11,-0.040,-0.086,
1987,12,-0.018,-0.088,
1988,1,-0.067,-0.069,
1988,2,-0.107,-0.075,
1988,3,-0.114,-0.094,
1988,4,-0.068,-0.097,
1988,5,-0.115,-0.093,
1988,6,-0.081,-0.084,
1988,7,-0.088,-0.071,
1988,8,-0.067,-0.063,
1988,9,-0.006,-0.053,
1988,10,-0.076,-0.048,
1988,11,-0.027,-0.039,
1988,12,-0.066,-0.054,
1989,1,-0.021,-0.051,
1989,2,-0.081,-0.067,
1989,3,-0.059,-0.075,
1989,4,-0.107,-0.063,
1989,5,-0.106,-0.048,
1989,6,0.036,-0.042,
1989,7,-0.002,-0.030,
1989,8,-0.031,-0.033,
1989,9,-0.048,-0.054,
1989,10,-0.118,-0.086,
1989,11,-0.069,-0.091,
1989,12,-0.161,-0.084,
1990,1,-0.057,-0.043,
1990,2,-0.014,-0.036,
1990,3,0.084,0.000,
1990,4,-0.034,0.001,
1990,5,0.023,-0.001,
1990,6,-0.053,-0.025,
1990,7,-0.026,-0.038,
1990,8,-0.034,-0.056,
1990,9,-0.100,-0.038,
1990,10,-0.066,-0.039,
1990,11,0.038,-0.029,
1990,12,-0.032,-0.023,
1991,1,0.013,-0.010,
1991,2,-0.066,-0.012,
1991,3,-0.003,0.016,
1991,4,0.031,0.010,
1991,5,0.106,0.021,
1991,6,-0.016,0.012,
1991,7,-0.014,0.000,
1991,8,-0.048,-0.024,
1991,9,-0.027,-0.029,
1991,10,-0.017,-0.041,
1991,11,-0.041,-0.030,
1991,12,-0.071,-0.011,
1992,1,0.007,-0.018,
1992,2,0.069,-0.020,
1992,3,-0.055,-0.028,
1992,4,-0.051,-0.030,
1992,5,-0.108,-0.056,
1992,6,-0.006,-0.050,
1992,7,-0.059,-0.047,
1992,8,-0.027,-0.022,
1992,9,-0.032,-0.022,
1992,10,0.018,-0.011,
1992,11,-0.010,0.006,
1992,12,-0.001,0.016,
1993,1,0.057,-0.008,
1993,2,0.017,-0.013,
1993,3,-0.104,-0.013,
1993,4,-0.033,-0.037,
1993,5,-0.004,-0.062,
1993,6,-0.064,-0.064,
1993,7,-0.104,-0.068,
1993,8,-0.115,-0.070,
1993,9,-0.056,-0.074,
1993,10,-0.010,-0.063,
1993,11,-0.083,-0.060,
1993,12,-0.053,-0.056,
1994,1,-0.097,-0.065,
1994,2,-0.039,-0.053,
1994,3,-0.053,-0.060,
1994,4,-0.022,-0.052,
1994,5,-0.086,-0.039,
1994,6,-0.062,-0.023,
1994,7,0.030,-0.022,
1994,8,0.023,0.001,
1994,9,-0.018,0.003,
1994,10,0.030,-0.007,
1994,11,-0.051,-0.022,
1994,12,-0.019,-0.048,
1995,1,-0.052,-0.053,
1995,2,-0.150,-0.039,
1995,3,0.006,-0.034,
1995,4,0.018,-0.037,
1995,5,0.007,-0.014,
1995,6,-0.064,0.005,
1995,7,-0.038,0.005,
1995,8,0.101,0.015,
1995,9,0.022,0.016,
1995,10,0.057,0.012,
1995,11,-0.059,-0.017,
1995,12,-0.060,-0.036,
1996,1,-0.042,-0.063,
1996,2,-0.077,-0.062,
1996,3,-0.078,-0.066,
1996,4,-0.054,-0.079,
1996,5,-0.079,-0.076,
1996,6,-0.106,-0.068,
1996,7,-0.066,-0.068,
1996,8,-0.035,-0.043,
1996,9,-0.054,-0.015,
1996,10,0.045,-0.007,
1996,11,0.033,0.001,
1996,12,-0.024,0.013,
1997,1,0.005,0.006,
1997,2,0.005,-0.008,
1997,3,0.009,-0.013,
1997,4,-0.033,-0.015,
1997,5,-0.052,-0.016,
1997,6,-0.002,-0.026,
1997,7,-0.001,-0.030,
1997,8,-0.041,-0.025,
1997,9,-0.053,-0.044,
1997,10,-0.031,-0.067,
1997,11,-0.093,-0.059,
1997,12,-0.119,-0.035,
1998,1,0.001,-0.019,
1998,2,0.067,0.002,
1998,3,0.049,0.029,
1998,4,0.014,0.011,
1998,5,0.012,-0.026,
1998,6,-0.087,-0.047,
1998,7,-0.116,-0.026,
1998,8,-0.057,-0.018,
1998,9,0.122,-0.005,
1998,10,0.049,0.014,
1998,11,-0.023,0.035,
1998,12,-0.020,0.018,
1999,1,0.046,0.011,
1999,2,0.039,0.014,
1999,3,0.013,0.019,
1999,4,-0.009,0.006,
1999,5,0.007,-0.001,
1999,6,-0.020,-0.012,
1999,7,0.001,-0.013,
1999,8,-0.040,-0.022,
1999,9,-0.015,-0.025,
1999,10,-0.035,-0.035,
1999,11,-0.038,-0.041,
1999,12,-0.047,-0.054,
2000,1,-0.070,-0.048,
2000,2,-0.078,-0.051,
2000,3,-0.009,-0.051,
2000,4,-0.048,-0.045,
2000,5,-0.047,-0.035,
2000,6,-0.041,-0.045,
2000,7,-0.030,-0.047,
2000,8,-0.059,-0.053,
2000,9,-0.060,-0.045,
2000,10,-0.074,-0.063,
2000,11,-0.001,-0.084,
2000,12,-0.121,-0.097,
2001,1,-0.166,-0.093,
2001,2,-0.124,-0.105,
2001,3,-0.055,-0.092,
2001,4,-0.059,-0.078,
2001,5,-0.057,-0.058,
2001,6,-0.098,-0.050,
2001,7,-0.022,-0.048,
2001,8,-0.012,-0.045,
2001,9,-0.049,-0.020,
2001,10,-0.044,-0.016,
2001,11,0.029,-0.030,
2001,12,-0.002,-0.032,
2002,1,-0.085,-0.036,
2002,2,-0.060,-0.051,
2002,3,-0.061,-0.060,
2002,4,-0.047,-0.048,
2002,5,-0.050,-0.048,
2002,6,-0.021,-0.038,
2002,7,-0.060,-0.016,
2002,8,-0.010,-0.000,
2002,9,0.062,-0.015,
2002,10,0.029,-0.016,
2002,11,-0.094,-0.033,
2002,12,-0.068,-0.048,
2003,1,-0.094,-0.047,
2003,2,-0.013,-0.033,
2003,3,0.031,-0.022,
2003,4,-0.022,-0.003,
2003,5,-0.012,0.011,
2003,6,0.000,0.011,
2003,7,0.056,0.026,
2003,8,0.032,0.037,
2003,9,0.052,0.052,
2003,10,0.045,0.042,
2003,11,0.072,0.035,
2003,12,0.008,0.019,
2004,1,-0.001,0.002,
2004,2,-0.029,
2004,3,-0.040,
2004,7,-0.044,
2004,8,-0.071,
2005,2,0.086,
2005,3,-0.060,
2005,4,0.035,0.026,
2005,5,-0.005,0.020,
2005,6,0.073,0.038,
2005,7,0.058,0.037,
2005,8,0.029,0.023,
2005,9,0.029,-0.010,
2005,10,-0.073,-0.042,
2005,11,-0.090,-0.063,
2005,12,-0.105,-0.082,
2006,1,-0.073,-0.078,
2006,2,-0.068,-0.073,
2006,3,-0.054,-0.063,
2006,4,-0.064,-0.062,
2006,5,-0.054,-0.062,
2006,6,-0.068,-0.066,
2006,7,-0.069,-0.065,
2006,8,-0.074,-0.066,
2006,9,-0.061,-0.072,
2006,10,-0.056,-0.076,
2006,11,-0.101,-0.075,
2006,12,-0.090,-0.085,
2007,1,-0.067,-0.093,
2007,2,-0.109,-0.089,
2007,3,-0.099,-0.071,
2007,4,-0.081,-0.062,
2007,5,0.003,-0.051,
2007,6,-0.022,-0.037,
2007,7,-0.055,-0.032,
2007,8,-0.028,-0.029,
2007,9,-0.057,-0.037,
2007,10,0.018,-0.036,
2007,11,-0.063,-0.040,
2007,12,-0.048,-0.035,
2008,1,-0.052,-0.050,
2008,2,-0.030,-0.044,
2008,3,-0.057,-0.038,
2008,4,-0.034,-0.036,
2008,5,-0.015,-0.031,
2008,6,-0.043,-0.033,
2008,7,-0.006,-0.003,
2008,8,-0.066,-0.004,
2008,9,0.115,-0.006,
2008,10,-0.019,-0.014,
2008,11,-0.052,-0.020,
2008,12,-0.049,-0.059,
2009,1,-0.094,-0.055,
2009,2,-0.082,-0.043,
2009,3,0.001,-0.031,
2009,4,0.010,-0.016,
2009,5,0.010,-0.002,
2009,6,-0.022,0.000,
2009,7,-0.011,0.016,
2009,8,0.012,0.021,
2009,9,0.090,0.041,
2009,10,0.034,0.061,
2009,11,0.080,0.058,
2009,12,0.090,0.039,
2010,1,-0.005,0.023,
2010,2,-0.003,-0.004,
2010,3,-0.046,-0.020,
2010,4,-0.054,-0.012,
2010,5,0.008,0.005,
2010,6,0.037,0.023,
2010,7,0.082,0.044,
2010,8,0.041,0.024,
2010,9,0.049,0.012,
2010,10,-0.092,-0.036,
2010,11,-0.020,-0.067,
2010,12,-0.158,-0.100,
2011,1,-0.113,-0.085,
2011,2,-0.114,-0.089,
2011,3,-0.019,-0.071,
2011,4,-0.042,-0.059,
2011,5,-0.066,-0.034,
2011,6,-0.051,-0.043,
2011,7,0.011,-0.045,
2011,8,-0.064,-0.053,
2011,9,-0.054,-0.045,
2011,10,-0.103,-0.047,
2011,11,-0.014,-0.043,
2011,12,0.000,-0.037,
2012,1,-0.044,
2012,2,-0.025,
2012,4,-0.012,
2012,5,0.004,
2012,6,0.107,0.048,
2012,7,0.061,
2012,8,0.081,
2012,10,-0.039,
2012,11,0.015,
2012,12,0.027,0.006,
2013,1,0.005,0.012,
2013,2,0.023,0.012,
2013,3,-0.008,0.003,
2013,4,0.015,
2013,5,-0.018,
2013,9,0.020,
2013,10,0.039,
2013,11,0.059,0.013,
2013,12,0.019,0.007,
2014,1,-0.071,-0.008,
2014,2,-0.013,-0.012,
2014,3,-0.035,-0.005,
2014,4,0.040,0.015,
2014,5,0.052,0.008,
2014,6,0.034,0.010,
2014,7,-0.051,0.005,
2014,8,-0.024,-0.006,
2014,9,0.016,-0.020,
2014,10,-0.003,0.003,
2014,11,-0.038,0.004,
2014,12,0.066,-0.006,
2015,1,-0.020,-0.020,
2015,2,-0.034,-0.014,
2015,3,-0.074,-0.025,
2015,4,-0.008,-0.024,
2015,5,0.012,-0.027,
2015,6,-0.019,-0.014,
2015,7,-0.048,-0.020,
2015,8,-0.006,-0.007,
2015,9,-0.039,0.022,
2015,10,0.078,0.068,
2015,11,0.127,0.095,
2015,12,0.179,0.112,
2016,1,0.130,0.110,
2016,2,0.045,0.111,
2016,3,0.070,0.094,
2016,4,0.129,0.077,
2016,5,0.096,0.078,
2016,6,0.046,0.083,
2016,7,0.050,0.070,
2016,8,0.095,0.058,
2016,9,0.063,0.072,
2016,10,0.033,0.076,
2016,11,0.119,0.088,
2016,12,0.070,0.084,
2017,1,0.155,0.080,
2017,2,0.043,0.071,
2017,3,0.011,0.056,
2017,4,0.078,0.045,
2017,5,-0.006,0.046,
2017,6,0.096,0.057,
2017,7,0.051,0.040,
2017,8,0.067,0.071,
2017,9,-0.008,0.061,
2017,10,0.147,0.048,
2017,11,0.048,0.019,
2017,12,-0.011,0.032,
2018,1,-0.083,0.014,
2018,2,0.057,0.004,
2018,3,0.057,0.012,
2018,4,-0.003,0.017,
2018,5,0.032,0.011,
2018,6,-0.057,0.012,
2018,7,0.026,0.028,
2018,8,0.062,0.046,
2018,9,0.079,0.063,
2018,10,0.122,0.082,
2018,11,0.029,0.083,
2018,12,0.116,0.086,
2019,1,0.069,0.070,
2019,2,0.095,0.074,
2019,3,0.041,0.070,
2019,4,0.051,0.073,
2019,5,0.095,0.075,
2019,6,0.082,0.071,
2019,7,0.104,0.067,
2019,8,0.022,0.092,
2019,9,0.032,0.092,
2019,10,0.218,0.082,
2019,11,0.084,0.100,
2019,12,0.054,0.106,
2020,1,0.113,0.074,
2020,2,0.061,0.078,
2020,3,0.058,0.079,
2020,4,0.105,0.083,
2020,5,0.058,0.082,
2020,6,0.131,0.085,
2020,7,0.055,0.107,
2020,8,0.077,0.127,
2020,9,0.212,0.126,
2020,10,0.157,0.114,
2020,11,0.126,0.103,
2020,12,-0.001,0.068,
2021,1,0.019,0.051,
2021,2,0.039,0.040,
2021,3,0.072,0.048,
2021,4,0.072,0.062,
2021,5,0.037,0.066,
2021,6,0.090,0.076,
2021,7,0.059,0.070,
2021,8,0.122,0.091,
2021,9,0.042,0.089,
2021,10,0.141,0.100,
2021,11,0.083,0.091,
2021,12,0.113,0.099,
2022,1,0.077,0.079,
2022,2,0.079,0.075,
2022,3,0.045,0.077,
2022,4,0.061,0.074,
2022,5,0.123,0.072,
2022,6,0.061,0.082,
2022,7,0.072,0.079,
2022,8,0.092,0.059,
2022,9,0.049,0.060,
2022,10,0.019,0.073,
2022,11,0.068,0.081,
2022,12,0.139,0.085,
2023,1,0.129,0.106,
2023,2,0.068,0.112,
2023,3,0.126,0.098,
2023,4,0.100,0.096,
2023,5,0.067,0.084,
2023,6,0.119,0.062,
2023,7,0.008,0.050,
2023,8,0.015,0.055,
2023,9,0.038,0.051,
2023,10,0.093,0.067,
2023,11,0.100,0.067,
2023,12,0.088,0.068,
2024,1,0.017,0.057,
2024,2,0.042,0.046,
2024,3,0.040,0.045,
2024,4,0.041,0.060,
2024,5,0.085,0.059,
2024,6,0.092,0.056,
2024,7,0.038,0.073,
2024,8,0.024,0.070,
2024,9,0.128,0.083,
2024,10,0.067,
2024,11,0.160,
