Interannual variation of monthly mean sea level and the 5-month centered average.
The values are in meters.  The average seasonal cycle and the relative sea level trend have been removed.
Column values are the Year; Month; Interannual Variation; and the 5-month centered average of the Interannual Variation.
Product of NOAAs National Ocean Service / Center for Operational Oceanographic Products and Services (CO-OPS)

Year, Month, Interannual_Variation, Five_Month_Average
1980,5,0.107,
1980,6,0.011,
1980,7,0.007,0.022,
1980,8,0.004,-0.030,
1980,9,-0.019,-0.029,
1980,10,-0.151,
1980,11,0.011,
1984,8,0.049,
1984,9,-0.014,
1984,10,0.098,
1984,12,0.122,
1985,1,-0.026,
1985,2,0.041,0.034,
1985,3,0.035,0.010,
1985,4,-0.003,
1985,5,0.004,
1985,10,0.145,
1986,2,0.011,
1986,3,-0.068,
1986,4,-0.083,-0.023,
1986,5,0.029,
1986,6,-0.003,
2002,9,0.089,
2002,10,0.044,
2002,11,-0.047,-0.001,
2002,12,-0.012,
2003,1,-0.080,
2007,5,-0.053,
2007,6,-0.050,
2007,7,-0.073,-0.061,
2007,8,-0.044,-0.055,
2007,9,-0.086,-0.065,
2007,10,-0.020,-0.072,
2007,11,-0.103,-0.091,
2007,12,-0.108,-0.084,
2008,1,-0.139,-0.094,
2008,2,-0.049,-0.088,
2008,3,-0.074,-0.069,
2008,4,-0.070,-0.054,
2008,5,-0.015,-0.053,
2008,6,-0.064,-0.053,
2008,7,-0.040,-0.015,
2008,8,-0.075,-0.025,
2008,9,0.118,-0.026,
2008,10,-0.064,-0.027,
2008,11,-0.070,-0.023,
2008,12,-0.047,-0.070,
2009,1,-0.052,-0.054,
2009,2,-0.121,-0.034,
2009,3,0.017,-0.021,
2009,4,0.033,-0.022,
2009,5,0.018,-0.005,
2009,6,-0.058,-0.013,
2009,7,-0.035,0.001,
2009,8,-0.024,0.012,
2009,9,0.102,0.047,
2009,10,0.076,0.079,
2009,11,0.113,0.085,
2009,12,0.127,0.071,
2010,1,0.008,0.042,
2010,2,0.031,-0.000,
2010,3,-0.070,-0.026,
2010,4,-0.097,-0.026,
2010,5,-0.002,-0.019,
2010,6,0.008,-0.001,
2010,7,0.067,0.022,
2010,8,0.018,-0.005,
2010,9,0.020,-0.014,
2010,10,-0.136,-0.075,
2010,11,-0.040,-0.108,
2010,12,-0.237,-0.142,
2011,1,-0.147,-0.113,
2011,2,-0.149,-0.109,
2011,3,0.010,-0.078,
2011,4,-0.022,-0.063,
2011,5,-0.084,-0.034,
2011,6,-0.071,-0.056,
2011,7,-0.005,-0.058,
2011,8,-0.099,-0.073,
2011,9,-0.029,-0.067,
2011,10,-0.163,-0.071,
2011,11,-0.037,-0.052,
2011,12,-0.024,-0.050,
2012,1,-0.004,-0.015,
2012,2,-0.022,-0.021,
2012,3,0.013,-0.025,
2012,4,-0.068,-0.013,
2012,5,-0.043,-0.001,
2012,6,0.054,0.013,
2012,7,0.040,0.021,
2012,8,0.080,0.012,
2012,9,-0.027,-0.006,
2012,10,-0.089,-0.014,
2012,11,-0.035,-0.020,
2012,12,0.001,0.005,
2013,1,0.052,0.017,
2013,2,0.094,0.024,
2013,3,-0.025,0.022,
2013,4,-0.001,0.008,
2013,5,-0.011,0.007,
2013,6,-0.016,0.015,
2013,7,0.087,0.015,
2013,8,0.019,0.016,
2013,9,-0.006,0.015,
2013,10,-0.006,-0.006,
2013,11,-0.019,-0.028,
2013,12,-0.018,-0.037,
2014,1,-0.092,-0.053,
2014,2,-0.051,-0.041,
2014,3,-0.087,-0.037,
2014,4,0.044,-0.017,
2014,5,0.001,-0.028,
2014,6,0.010,-0.025,
2014,7,-0.108,-0.040,
2014,8,-0.072,-0.049,
2014,9,-0.032,-0.072,
2014,10,-0.044,-0.047,
2014,11,-0.103,-0.036,
2014,12,0.015,-0.053,
2015,1,-0.016,-0.064,
2015,2,-0.117,-0.051,
2015,3,-0.101,-0.057,
2015,4,-0.037,-0.065,
2015,5,-0.016,-0.056,
2015,6,-0.052,-0.048,
2015,7,-0.076,-0.058,
2015,8,-0.061,-0.050,
2015,9,-0.086,-0.022,
2015,10,0.024,0.024,
2015,11,0.090,0.065,
2015,12,0.152,0.093,
2016,1,0.146,0.106,
2016,2,0.051,0.105,
2016,3,0.092,0.078,
2016,4,0.082,0.047,
2016,5,0.019,0.037,
2016,6,-0.009,0.026,
2016,7,0.001,0.013,
2016,8,0.038,0.003,
2016,9,0.014,0.016,
2016,10,-0.032,0.006,
2016,11,0.060,0.020,
2016,12,-0.050,0.011,
2017,1,0.106,0.005,
2017,2,-0.029,0.000,
2017,3,-0.062,0.001,
2017,4,0.036,-0.005,
2017,5,-0.046,0.008,
2017,6,0.077,0.025,
2017,7,0.032,-0.000,
2017,8,0.024,0.026,
2017,9,-0.088,0.006,
2017,10,0.083,-0.023,
2017,11,-0.021,-0.067,
2017,12,-0.110,-0.042,
2018,1,-0.200,-0.056,
2018,2,0.040,-0.064,
2018,3,0.013,-0.050,
2018,4,-0.061,-0.030,
2018,5,-0.039,-0.044,
2018,6,-0.101,-0.044,
2018,7,-0.033,-0.022,
2018,8,0.015,-0.005,
2018,9,0.048,0.014,
2018,10,0.046,0.042,
2018,11,-0.006,0.066,
2018,12,0.107,0.072,
2019,1,0.135,0.075,
2019,2,0.081,0.080,
2019,3,0.060,0.072,
2019,4,0.019,0.049,
2019,5,0.064,0.045,
2019,6,0.021,0.025,
2019,7,0.064,0.016,
2019,8,-0.043,0.034,
2019,9,-0.023,0.033,
2019,10,0.150,0.018,
2019,11,0.017,0.059,
2019,12,-0.011,0.094,
2020,1,0.161,0.089,
2020,2,0.153,0.100,
2020,3,0.126,0.104,
2020,4,0.072,0.091,
2020,5,0.008,0.063,
2020,6,0.097,0.045,
2020,7,0.013,
2020,8,0.034,
2020,10,0.088,
2020,11,0.068,
2020,12,-0.057,-0.001,
2021,1,-0.044,-0.014,
2021,2,-0.062,-0.017,
2021,3,0.025,-0.005,
2021,4,0.051,0.023,
2021,5,0.006,0.044,
2021,6,0.093,0.059,
2021,7,0.044,0.055,
2021,8,0.102,0.069,
2021,9,0.027,0.049,
2021,10,0.078,0.050,
2021,11,-0.005,0.038,
2021,12,0.045,0.040,
2022,1,0.044,0.032,
2022,2,0.037,0.043,
2022,3,0.039,0.048,
2022,4,0.050,0.036,
2022,5,0.070,0.031,
2022,6,-0.017,0.031,
2022,7,0.014,0.010,
2022,8,0.037,-0.022,
2022,9,-0.054,-0.022,
2022,10,-0.092,-0.006,
2022,11,-0.015,0.014,
2022,12,0.093,0.044,
2023,1,0.138,0.075,
2023,2,0.095,0.085,
2023,3,0.063,0.062,
2023,4,0.035,0.044,
2023,5,-0.022,0.014,
2023,6,0.047,-0.013,
2023,7,-0.052,-0.033,
2023,8,-0.073,-0.036,
2023,9,-0.066,-0.048,
2023,10,-0.036,-0.042,
2023,11,-0.010,-0.033,
2023,12,-0.025,-0.012,
2024,1,-0.028,-0.003,
2024,2,0.041,-0.003,
2024,3,0.007,0.009,
2024,4,-0.011,0.017,
2024,5,0.034,0.001,
2024,6,0.013,-0.017,
2024,7,-0.038,-0.007,
2024,8,-0.083,-0.022,
2024,9,0.037,-0.009,
2024,10,-0.041,
2024,11,0.081,
