Interannual variation of monthly mean sea level and the 5-month centered average.
The values are in meters.  The average seasonal cycle and the relative sea level trend have been removed.
Column values are the Year; Month; Interannual Variation; and the 5-month centered average of the Interannual Variation.
Product of NOAAs National Ocean Service / Center for Operational Oceanographic Products and Services (CO-OPS)

Year, Month, Interannual_Variation, Five_Month_Average
1963,6,-0.045,
1963,7,-0.046,
1963,8,-0.086,
1963,9,-0.073,
1964,1,-0.160,
1964,2,-0.130,
1964,3,-0.088,-0.083,
1964,4,-0.046,-0.062,
1964,5,0.011,-0.054,
1964,6,-0.057,-0.036,
1964,7,-0.087,-0.031,
1964,8,0.002,-0.050,
1964,9,-0.025,-0.047,
1964,10,-0.082,-0.034,
1964,11,-0.042,-0.032,
1964,12,-0.025,-0.023,
1965,1,0.016,-0.040,
1965,2,0.018,-0.034,
1965,3,-0.165,-0.022,
1965,4,-0.013,-0.012,
1965,5,0.034,-0.019,
1965,6,0.067,0.021,
1965,7,-0.017,0.049,
1965,8,0.035,0.048,
1965,9,0.126,0.050,
1965,10,0.028,0.088,
1965,11,0.079,0.095,
1965,12,0.172,0.070,
1966,1,0.067,0.056,
1966,2,0.003,0.036,
1966,3,-0.041,0.022,
1966,4,-0.023,0.001,
1966,5,0.102,0.001,
1966,6,-0.034,-0.002,
1966,7,0.001,-0.014,
1966,8,-0.055,-0.048,
1966,9,-0.085,-0.060,
1966,10,-0.070,-0.072,
1966,11,-0.090,-0.066,
1966,12,-0.062,-0.053,
1967,1,-0.021,-0.041,
1967,2,-0.022,-0.005,
1967,3,-0.007,0.021,
1967,4,0.090,0.056,
1967,5,0.064,0.076,
1967,6,0.158,0.102,
1967,7,0.076,0.124,
1967,8,0.122,0.136,
1967,9,0.199,0.106,
1967,10,0.127,0.095,
1967,11,0.005,
1967,12,0.022,
1968,2,0.050,
1968,3,-0.100,
1968,4,-0.012,
1968,5,0.023,
1969,4,0.002,
1969,7,-0.039,
1969,8,-0.014,
1969,9,-0.047,
1970,6,0.064,
1970,7,0.016,
1970,8,0.086,
1970,9,0.005,
1970,11,-0.171,
1970,12,0.060,
1971,1,0.067,-0.000,
1971,2,0.063,0.042,
1971,3,-0.019,0.029,
1971,4,0.038,0.007,
1971,5,-0.003,-0.014,
1971,6,-0.046,-0.014,
1971,7,-0.039,-0.008,
1971,8,-0.021,0.018,
1971,9,0.071,0.061,
1971,10,0.125,0.107,
1971,11,0.169,0.147,
1971,12,0.193,0.140,
1972,1,0.179,0.129,
1972,2,0.032,0.116,
1972,3,0.071,0.107,
1972,4,0.104,0.110,
1972,5,0.147,0.150,
1972,6,0.193,0.148,
1972,7,0.234,0.135,
1972,8,0.063,0.127,
1972,9,0.036,0.102,
1972,10,0.109,0.063,
1972,11,0.068,0.067,
1972,12,0.038,0.073,
1973,1,0.085,0.089,
1973,2,0.065,0.106,
1973,3,0.190,0.103,
1973,4,0.152,0.109,
1973,5,0.024,0.104,
1973,6,0.117,0.073,
1973,7,0.036,0.060,
1973,8,0.035,0.083,
1973,9,0.091,0.096,
1973,10,0.138,0.098,
1973,11,0.178,0.099,
1973,12,0.049,0.082,
1974,1,0.041,0.071,
1974,2,0.004,0.056,
1974,3,0.083,0.078,
1974,4,0.103,0.084,
1974,5,0.157,0.082,
1974,6,0.074,0.065,
1974,7,-0.008,0.048,
1974,8,-0.001,0.034,
1974,9,0.020,0.033,
1974,10,0.087,0.028,
1974,11,0.067,0.043,
1974,12,-0.034,0.063,
1975,1,0.074,0.072,
1975,2,0.121,0.093,
1975,3,0.130,0.130,
1975,4,0.172,0.138,
1975,5,0.150,0.136,
1975,6,0.115,0.128,
1975,7,0.113,0.128,
1975,8,0.089,0.096,
1975,9,0.172,0.085,
1975,10,-0.009,0.077,
1975,11,0.057,0.056,
1975,12,0.077,-0.004,
1976,1,-0.015,0.002,
1976,2,-0.131,0.000,
1976,3,0.021,-0.025,
1976,4,0.050,-0.010,
1976,5,-0.048,0.030,
1976,6,0.060,0.019,
1976,7,0.068,-0.003,
1976,8,-0.034,-0.018,
1976,9,-0.060,-0.058,
1976,10,-0.122,-0.085,
1976,11,-0.141,-0.087,
1976,12,-0.069,-0.086,
1977,1,-0.040,-0.064,
1977,2,-0.059,-0.041,
1977,3,-0.008,-0.015,
1977,4,-0.030,-0.008,
1977,5,0.061,0.001,
1977,6,-0.001,0.010,
1977,7,-0.016,0.024,
1977,8,0.036,-0.006,
1977,9,0.043,-0.022,
1977,10,-0.090,-0.027,
1977,11,-0.084,-0.039,
1977,12,-0.039,-0.059,
1978,1,-0.023,-0.064,
1978,2,-0.060,-0.058,
1978,3,-0.115,-0.046,
1978,4,-0.052,-0.041,
1978,5,0.020,-0.035,
1978,6,0.001,-0.018,
1978,7,-0.032,-0.006,
1978,8,-0.026,-0.005,
1978,9,0.005,0.001,
1978,10,0.029,0.010,
1978,11,0.028,0.007,
1978,12,0.015,-0.001,
1979,1,-0.045,-0.004,
1979,2,-0.030,0.014,
1979,3,0.012,0.017,
1979,4,0.118,0.030,
1979,5,0.032,0.046,
1979,6,0.018,0.049,
1979,7,0.050,0.054,
1979,8,0.025,0.029,
1979,9,0.144,0.024,
1979,10,-0.094,0.006,
1979,11,-0.007,0.010,
1979,12,-0.040,-0.010,
1980,1,0.046,0.010,
1980,2,0.046,-0.008,
1980,3,0.006,-0.007,
1980,4,-0.095,-0.029,
1980,5,-0.036,-0.046,
1980,6,-0.064,-0.033,
1980,7,-0.039,-0.035,
1980,8,0.071,-0.062,
1980,9,-0.105,-0.072,
1980,10,-0.171,-0.080,
1980,11,-0.113,-0.102,
1980,12,-0.081,-0.081,
1981,1,-0.040,-0.059,
1981,2,-0.001,-0.040,
1981,3,-0.059,-0.017,
1981,4,-0.020,0.000,
1981,5,0.033,0.008,
1981,6,0.048,0.023,
1981,7,0.039,0.014,
1981,8,0.015,-0.013,
1981,9,-0.067,-0.030,
1981,10,-0.101,-0.045,
1981,11,-0.035,-0.055,
1981,12,-0.036,-0.039,
1982,1,-0.038,-0.015,
1982,2,0.017,-0.005,
1982,3,0.016,0.007,
1982,4,0.015,0.009,
1982,5,0.027,-0.016,
1982,6,-0.032,-0.038,
1982,7,-0.105,-0.062,
1982,8,-0.095,-0.071,
1982,9,-0.104,-0.061,
1982,10,-0.020,-0.026,
1982,11,0.016,0.010,
1982,12,0.074,0.049,
1983,1,0.084,0.075,
1983,2,0.092,0.064,
1983,3,0.108,0.061,
1983,4,-0.036,0.062,
1983,5,0.060,0.067,
1983,6,0.086,0.047,
1983,7,0.118,0.054,
1983,8,0.007,0.055,
1983,9,-0.001,0.046,
1983,10,0.065,0.017,
1983,11,0.040,0.020,
1983,12,-0.025,0.018,
1984,1,0.019,-0.007,
1984,2,-0.009,-0.038,
1984,3,-0.061,-0.042,
1984,4,-0.113,-0.033,
1984,5,-0.045,-0.030,
1984,6,0.061,-0.008,
1984,7,0.010,0.036,
1984,8,0.047,0.061,
1984,9,0.105,0.063,
1984,10,0.083,0.105,
1984,11,0.070,0.099,
1984,12,0.221,0.082,
1985,1,0.015,0.079,
1985,2,0.020,0.064,
1985,3,0.069,0.008,
1985,4,-0.008,0.002,
1985,5,-0.057,-0.016,
1985,6,-0.013,-0.037,
1985,7,-0.070,-0.022,
1985,8,-0.036,0.006,
1985,9,0.064,0.020,
1985,10,0.082,0.041,
1985,11,0.060,0.050,
1985,12,0.035,0.042,
1986,1,0.009,0.014,
1986,2,0.024,0.010,
1986,3,-0.056,0.019,
1986,4,0.040,0.019,
1986,5,0.079,-0.002,
1986,6,0.011,-0.006,
1986,7,-0.082,-0.021,
1986,8,-0.077,-0.034,
1986,9,-0.036,-0.032,
1986,10,0.014,0.000,
1986,11,0.020,0.024,
1986,12,0.080,0.034,
1987,1,0.045,0.050,
1987,2,0.013,0.010,
1987,3,0.093,-0.038,
1987,4,-0.179,-0.040,
1987,5,-0.162,-0.037,
1987,6,0.035,-0.075,
1987,7,0.027,-0.065,
1987,8,-0.095,-0.059,
1987,9,-0.128,-0.068,
1987,10,-0.135,-0.069,
1987,11,-0.008,-0.052,
1987,12,0.024,-0.034,
1988,1,-0.014,-0.029,
1988,2,-0.036,-0.048,
1988,3,-0.113,-0.073,
1988,4,-0.104,-0.069,
1988,5,-0.098,-0.066,
1988,6,0.006,-0.056,
1988,7,-0.020,-0.021,
1988,8,-0.063,-0.022,
1988,9,0.069,-0.047,
1988,10,-0.102,-0.062,
1988,11,-0.122,-0.041,
1988,12,-0.092,-0.059,
1989,1,0.044,-0.058,
1989,2,-0.021,-0.047,
1989,3,-0.100,-0.050,
1989,4,-0.065,-0.077,
1989,5,-0.105,-0.086,
1989,6,-0.092,-0.064,
1989,7,-0.069,-0.064,
1989,8,0.010,-0.060,
1989,9,-0.062,-0.058,
1989,10,-0.088,-0.087,
1989,11,-0.079,-0.111,
1989,12,-0.217,-0.102,
1990,1,-0.110,-0.069,
1990,2,-0.013,-0.041,
1990,3,0.075,0.009,
1990,4,0.060,0.025,
1990,5,0.034,0.024,
1990,6,-0.028,0.013,
1990,7,-0.018,-0.021,
1990,8,0.016,-0.054,
1990,9,-0.106,-0.038,
1990,10,-0.131,-0.033,
1990,11,0.048,-0.031,
1990,12,0.010,-0.018,
1991,1,0.024,0.007,
1991,2,-0.041,0.020,
1991,3,-0.005,0.042,
1991,4,0.113,0.050,
1991,5,0.118,0.051,
1991,6,0.063,0.041,
1991,7,-0.034,0.020,
1991,8,-0.058,-0.007,
1991,9,0.012,-0.023,
1991,10,-0.016,-0.006,
1991,11,-0.020,0.025,
1991,12,0.049,0.049,
1992,1,0.101,0.052,
1992,2,0.128,0.059,
1992,3,0.002,0.031,
1992,4,0.012,0.010,
1992,5,-0.089,-0.020,
1992,6,-0.002,-0.020,
1992,7,-0.022,-0.027,
1992,8,-0.001,0.003,
1992,9,-0.019,0.009,
1992,10,0.059,0.020,
1992,11,0.028,0.029,
1992,12,0.034,0.047,
1993,1,0.044,0.030,
1993,2,0.071,0.011,
1993,3,-0.027,0.003,
1993,4,-0.065,0.007,
1993,5,-0.008,-0.016,
1993,6,0.064,-0.031,
1993,7,-0.044,-0.043,
1993,8,-0.102,-0.054,
1993,9,-0.123,-0.080,
1993,10,-0.066,-0.074,
1993,11,-0.064,-0.060,
1993,12,-0.016,-0.039,
1994,1,-0.030,-0.035,
1994,2,-0.020,-0.023,
1994,3,-0.043,-0.029,
1994,4,-0.004,-0.042,
1994,5,-0.049,-0.056,
1994,6,-0.093,-0.050,
1994,7,-0.092,-0.069,
1994,8,-0.011,-0.055,
1994,9,-0.101,-0.031,
1994,10,0.023,-0.006,
1994,11,0.026,-0.019,
1994,12,0.034,-0.030,
1995,1,-0.076,-0.038,
1995,2,-0.159,-0.029,
1995,3,-0.016,-0.035,
1995,4,0.071,-0.025,
1995,5,0.003,-0.010,
1995,6,-0.022,0.024,
1995,7,-0.088,0.015,
1995,8,0.155,0.032,
1995,9,0.028,0.039,
1995,10,0.085,0.043,
1995,11,0.014,-0.008,
1995,12,-0.066,-0.037,
1996,1,-0.102,-0.077,
1996,2,-0.113,-0.108,
1996,3,-0.119,-0.123,
1996,4,-0.137,-0.138,
1996,5,-0.143,-0.141,
1996,6,-0.178,-0.126,
1996,7,-0.128,-0.133,
1996,8,-0.042,-0.083,
1996,9,-0.172,-0.042,
1996,10,0.107,-0.022,
1996,11,0.024,-0.010,
1996,12,-0.028,0.031,
1997,1,0.020,0.019,
1997,2,0.030,0.018,
1997,3,0.049,0.007,
1997,4,0.020,-0.016,
1997,5,-0.082,-0.041,
1997,6,-0.098,-0.068,
1997,7,-0.093,
1997,8,-0.085,
1998,9,0.143,
1998,10,0.043,
1998,11,0.027,0.024,
1998,12,-0.073,0.003,
1999,1,-0.020,0.004,
1999,2,0.040,-0.004,
1999,3,0.047,0.017,
1999,4,-0.011,0.009,
1999,5,0.031,-0.006,
1999,6,-0.060,-0.025,
1999,7,-0.037,-0.040,
1999,8,-0.047,-0.059,
1999,9,-0.088,-0.065,
1999,10,-0.063,-0.070,
1999,11,-0.088,-0.070,
1999,12,-0.062,-0.055,
2000,1,-0.048,-0.035,
2000,2,-0.015,-0.033,
2000,3,0.037,-0.028,
2000,4,-0.079,-0.033,
2000,5,-0.037,-0.043,
2000,6,-0.071,-0.064,
2000,7,-0.065,-0.079,
2000,8,-0.069,-0.090,
2000,9,-0.151,-0.085,
2000,10,-0.091,-0.098,
2000,11,-0.048,-0.114,
2000,12,-0.130,-0.103,
2001,1,-0.149,-0.106,
2001,2,-0.098,-0.101,
2001,3,-0.105,-0.092,
2001,4,-0.022,-0.096,
2001,5,-0.086,-0.098,
2001,6,-0.167,-0.086,
2001,7,-0.111,-0.104,
2001,8,-0.042,-0.095,
2001,9,-0.115,-0.056,
2001,10,-0.042,-0.036,
2001,11,0.027,-0.047,
2001,12,-0.009,-0.034,
2002,1,-0.097,-0.027,
2002,2,-0.049,-0.037,
2002,3,-0.005,-0.043,
2002,4,-0.026,-0.020,
2002,5,-0.036,-0.014,
2002,6,0.019,-0.008,
2002,7,-0.023,0.019,
2002,8,0.025,0.037,
2002,9,0.109,0.029,
2002,10,0.057,0.017,
2002,11,-0.020,-0.009,
2002,12,-0.088,-0.034,
2003,1,-0.104,-0.042,
2003,2,-0.013,-0.062,
2003,3,0.016,-0.065,
2003,4,-0.119,-0.070,
2003,5,-0.106,-0.069,
2003,6,-0.128,-0.082,
2003,7,-0.009,-0.049,
2003,8,-0.049,-0.014,
2003,9,0.049,0.018,
2003,10,0.067,0.007,
2003,11,0.032,0.025,
2003,12,-0.065,0.016,
2004,1,0.042,0.012,
2004,2,0.005,-0.012,
2004,3,0.044,-0.002,
2004,4,-0.088,-0.020,
2004,5,-0.013,-0.036,
2004,6,-0.048,-0.060,
2004,7,-0.078,-0.051,
2004,8,-0.076,-0.068,
2004,9,-0.040,-0.066,
2004,10,-0.098,-0.067,
2004,11,-0.040,-0.038,
2004,12,-0.082,-0.004,
2005,1,0.070,0.011,
2005,2,0.129,-0.007,
2005,3,-0.021,-0.005,
2005,4,-0.131,-0.018,
2005,5,-0.072,-0.030,
2005,6,0.006,-0.044,
2005,7,0.066,-0.014,
2005,8,-0.087,-0.003,
2005,9,0.018,-0.031,
2005,10,-0.020,-0.064,
2005,11,-0.133,-0.081,
2005,12,-0.097,-0.103,
2006,1,-0.170,-0.096,
2006,2,-0.096,-0.084,
2006,3,0.016,-0.089,
2006,4,-0.070,-0.078,
2006,5,-0.122,-0.073,
2006,6,-0.119,-0.090,
2006,7,-0.071,-0.096,
2006,8,-0.067,-0.076,
2006,9,-0.101,-0.070,
2006,10,-0.024,-0.062,
2006,11,-0.085,-0.052,
2006,12,-0.035,-0.045,
2007,1,-0.014,-0.042,
2007,2,-0.069,-0.019,
2007,3,-0.006,-0.007,
2007,4,0.028,0.001,
2007,5,0.024,0.031,
2007,6,0.027,0.044,
2007,7,0.082,0.036,
2007,8,0.057,0.042,
2007,9,-0.010,0.026,
2007,10,0.054,0.004,
2007,11,-0.051,0.006,
2007,12,-0.032,0.012,
2008,1,0.067,-0.016,
2008,2,0.020,-0.013,
2008,3,-0.086,-0.010,
2008,4,-0.035,-0.036,
2008,5,-0.015,-0.015,
2008,6,-0.064,-0.001,
2008,7,0.123,0.025,
2008,8,-0.013,0.037,
2008,9,0.095,0.048,
2008,10,0.041,
2008,11,-0.007,
2009,1,-0.057,
2009,2,0.007,
2009,3,0.003,-0.031,
2009,4,-0.061,-0.036,
2009,5,-0.046,-0.046,
2009,6,-0.083,-0.048,
2009,7,-0.043,-0.042,
2009,8,-0.006,-0.038,
2009,9,-0.029,-0.011,
2009,10,-0.029,0.007,
2009,11,0.054,0.006,
2009,12,0.048,0.020,
2010,1,-0.015,0.001,
2010,2,0.042,-0.022,
2010,3,-0.124,-0.043,
2010,4,-0.061,-0.047,
2010,5,-0.058,0.021,
2010,6,-0.032,0.083,
2010,7,0.379,0.122,
2010,8,0.188,0.117,
2010,9,0.134,0.106,
2010,10,-0.084,0.009,
2010,11,-0.087,
2010,12,-0.105,
2012,10,-0.124,
2012,11,-0.057,
2012,12,-0.005,-0.043,
2013,1,-0.045,-0.026,
2013,2,0.016,-0.012,
2013,3,-0.041,-0.021,
2013,4,0.016,-0.019,
2013,5,-0.053,-0.016,
2013,6,-0.034,-0.007,
2013,7,0.033,-0.004,
2013,8,0.001,
2013,9,0.034,
2014,2,-0.058,
2014,3,-0.070,
2014,4,-0.046,-0.048,
2014,5,-0.061,-0.053,
2014,6,-0.008,-0.053,
2014,7,-0.081,-0.039,
2014,8,-0.067,-0.034,
2014,9,0.023,-0.041,
2014,10,-0.037,-0.017,
2014,11,-0.043,-0.017,
2014,12,0.039,-0.030,
2015,1,-0.067,
2015,2,-0.039,
2015,6,-0.010,
2015,7,-0.048,
2015,11,0.174,
2015,12,0.143,
2016,1,0.079,0.087,
2016,2,-0.019,0.073,
2016,3,0.058,0.072,
2016,4,0.105,0.068,
2016,5,0.135,0.085,
2016,6,0.062,0.093,
2016,7,0.064,0.089,
2016,8,0.101,0.075,
2016,9,0.085,0.091,
2016,10,0.064,0.103,
2016,11,0.141,0.104,
2016,12,0.123,0.093,
2017,1,0.108,0.102,
2017,2,0.030,0.085,
2017,3,0.108,
2017,4,0.053,
2017,6,0.055,
2017,7,-0.004,
2017,8,0.012,0.030,
2017,9,-0.036,0.015,
2017,10,0.120,0.011,
2017,11,-0.019,0.002,
2017,12,-0.021,0.019,
2018,1,-0.036,0.009,
2018,2,0.050,0.018,
2018,3,0.073,0.009,
2018,4,0.024,0.022,
2018,5,-0.064,0.012,
2018,6,0.027,0.012,
2018,7,-0.000,0.026,
2018,8,0.074,0.068,
2018,9,0.091,
2018,10,0.150,
2018,12,0.009,
2019,1,0.023,
2019,2,0.132,0.051,
2019,3,0.100,0.079,
2019,4,-0.008,0.088,
2019,5,0.149,0.076,
2019,6,0.067,0.057,
2019,7,0.071,0.066,
2019,8,0.005,0.065,
2019,9,0.037,0.059,
2019,10,0.145,0.053,
2019,11,0.039,0.074,
2019,12,0.041,0.074,
2020,1,0.109,0.065,
2020,2,0.035,0.090,
2020,3,0.098,0.092,
2020,4,0.166,0.097,
2020,5,0.049,0.111,
2020,6,0.134,0.112,
2020,7,0.109,0.100,
2020,8,0.100,0.104,
2020,9,0.106,0.103,
2020,10,0.069,0.069,
2020,11,0.130,0.040,
2020,12,-0.061,0.017,
2021,1,-0.044,0.015,
2021,2,-0.008,0.011,
2021,3,0.056,0.049,
2021,4,0.112,0.067,
2021,5,0.130,0.088,
2021,6,0.046,0.082,
2021,7,0.098,0.052,
2021,8,0.025,0.035,
2021,9,-0.040,0.027,
2021,10,0.045,0.025,
2021,11,0.005,0.026,
2021,12,0.090,0.040,
2022,1,0.030,0.026,
2022,2,0.033,0.030,
2022,3,-0.028,0.010,
2022,4,0.025,-0.009,
2022,5,-0.007,-0.024,
2022,6,-0.069,-0.011,
2022,7,-0.042,-0.017,
2022,8,0.040,-0.026,
2022,9,-0.006,0.000,
2022,10,-0.051,0.030,
2022,11,0.060,0.044,
2022,12,0.108,0.044,
2023,1,0.109,0.069,
2023,2,-0.008,0.073,
2023,3,0.076,0.043,
2023,4,0.081,0.023,
2023,5,-0.043,0.017,
2023,6,0.010,-0.009,
2023,7,-0.038,-0.045,
2023,8,-0.053,-0.032,
2023,9,-0.102,-0.034,
2023,10,0.024,-0.015,
2023,11,-0.003,-0.012,
2023,12,0.060,-0.010,
2024,1,-0.039,-0.007,
2024,2,-0.090,-0.021,
2024,3,0.034,-0.019,
2024,4,-0.071,0.023,
2024,5,0.071,0.038,
2024,6,0.169,0.023,
2024,7,-0.015,0.054,
2024,8,-0.042,0.059,
2024,9,0.086,0.059,
2024,10,0.094,
2024,11,0.169,
