Interannual variation of monthly mean sea level and the 5-month centered average.
The values are in meters.  The average seasonal cycle and the relative sea level trend have been removed.
Column values are the Year; Month; Interannual Variation; and the 5-month centered average of the Interannual Variation.
Product of NOAAs National Ocean Service / Center for Operational Oceanographic Products and Services (CO-OPS)

Year, Month, Interannual_Variation, Five_Month_Average
1933,1,-0.030,
1933,2,-0.106,
1933,3,-0.073,-0.076,
1933,4,-0.066,-0.083,
1933,5,-0.104,-0.072,
1933,6,-0.066,-0.076,
1933,7,-0.051,-0.081,
1933,8,-0.092,-0.085,
1933,9,-0.092,-0.089,
1933,10,-0.122,-0.098,
1933,11,-0.086,-0.092,
1933,12,-0.100,-0.092,
1934,1,-0.061,-0.069,
1934,2,-0.090,-0.050,
1934,3,-0.008,-0.027,
1934,4,0.008,-0.022,
1934,5,0.014,-0.014,
1934,6,-0.035,-0.024,
1934,7,-0.050,-0.028,
1934,8,-0.057,-0.044,
1934,9,-0.015,-0.044,
1934,10,-0.065,-0.037,
1934,11,-0.032,-0.033,
1934,12,-0.016,-0.034,
1935,1,-0.039,-0.028,
1935,2,-0.019,-0.021,
1935,3,-0.034,-0.026,
1935,4,0.001,-0.018,
1935,5,-0.040,-0.022,
1935,6,0.001,-0.011,
1935,7,-0.036,-0.021,
1935,8,0.018,-0.021,
1935,9,-0.047,-0.031,
1935,10,-0.040,-0.026,
1935,11,-0.050,-0.041,
1935,12,-0.008,-0.034,
1936,1,-0.061,-0.026,
1936,2,-0.008,-0.027,
1936,3,-0.002,-0.026,
1936,4,-0.053,-0.020,
1936,5,-0.005,-0.017,
1936,6,-0.035,-0.014,
1936,7,0.008,-0.004,
1936,8,0.013,-0.002,
1936,9,-0.003,0.008,
1936,10,0.004,0.004,
1936,11,0.018,-0.013,
1936,12,-0.013,-0.017,
1937,1,-0.072,-0.024,
1937,2,-0.022,-0.033,
1937,3,-0.031,-0.026,
1937,4,-0.027,-0.016,
1937,5,0.021,-0.011,
1937,6,-0.021,-0.006,
1937,7,0.007,-0.004,
1937,8,-0.009,-0.014,
1937,9,-0.016,-0.020,
1937,10,-0.028,-0.024,
1937,11,-0.053,-0.021,
1937,12,-0.012,-0.021,
1938,1,0.003,-0.018,
1938,2,-0.017,-0.006,
1938,3,-0.011,-0.005,
1938,4,0.005,-0.006,
1938,5,-0.005,-0.004,
1938,6,-0.001,0.000,
1938,7,-0.011,-0.004,
1938,8,0.013,-0.012,
1938,9,-0.015,-0.019,
1938,10,-0.045,-0.017,
1938,11,-0.036,-0.025,
1938,12,-0.001,-0.040,
1939,1,-0.030,-0.042,
1939,2,-0.089,-0.036,
1939,3,-0.056,-0.040,
1939,4,-0.003,-0.038,
1939,5,-0.024,-0.026,
1939,6,-0.021,-0.014,
1939,7,-0.025,-0.005,
1939,8,0.003,0.007,
1939,9,0.044,0.025,
1939,10,0.033,0.036,
1939,11,0.072,0.040,
1939,12,0.027,0.036,
1940,1,0.024,0.033,
1940,2,0.026,0.019,
1940,3,0.016,0.016,
1940,4,0.002,0.006,
1940,5,0.013,-0.004,
1940,6,-0.026,-0.007,
1940,7,-0.023,-0.003,
1940,8,0.001,-0.003,
1940,9,0.019,0.010,
1940,10,0.016,0.039,
1940,11,0.037,0.053,
1940,12,0.124,0.078,
1941,1,0.071,0.105,
1941,2,0.143,0.114,
1941,3,0.151,0.101,
1941,4,0.079,0.088,
1941,5,0.058,0.067,
1941,6,0.010,0.047,
1941,7,0.039,0.044,
1941,8,0.048,0.053,
1941,9,0.065,0.070,
1941,10,0.103,0.080,
1941,11,0.094,0.078,
1941,12,0.091,0.073,
1942,1,0.039,0.058,
1942,2,0.041,0.050,
1942,3,0.025,0.028,
1942,4,0.057,0.022,
1942,5,-0.023,0.017,
1942,6,0.011,0.011,
1942,7,0.014,-0.004,
1942,8,-0.005,0.004,
1942,9,-0.018,-0.000,
1942,10,0.016,-0.008,
1942,11,-0.009,-0.003,
1942,12,-0.022,0.000,
1943,1,0.019,-0.006,
1943,2,-0.004,-0.003,
1943,3,-0.016,0.008,
1943,4,0.006,0.015,
1943,5,0.037,0.020,
1943,6,0.049,0.026,
1943,7,0.024,0.028,
1943,8,0.014,0.025,
1943,9,0.014,0.016,
1943,10,0.021,0.020,
1943,11,0.008,0.013,
1943,12,0.043,0.016,
1944,1,-0.022,0.024,
1944,2,0.031,0.024,
1944,3,0.062,0.017,
1944,4,0.008,0.018,
1944,5,0.007,0.009,
1944,6,-0.019,-0.004,
1944,7,-0.011,-0.006,
1944,8,-0.002,-0.016,
1944,9,-0.003,-0.016,
1944,10,-0.045,-0.020,
1944,11,-0.018,-0.027,
1944,12,-0.031,-0.041,
1945,1,-0.039,-0.047,
1945,2,-0.074,-0.049,
1945,3,-0.071,-0.051,
1945,4,-0.031,-0.041,
1945,5,-0.040,-0.022,
1945,6,0.009,-0.004,
1945,7,0.021,0.003,
1945,8,0.020,0.007,
1945,9,0.004,-0.008,
1945,10,-0.022,-0.021,
1945,11,-0.065,-0.037,
1945,12,-0.043,-0.042,
1946,1,-0.062,-0.037,
1946,2,-0.018,-0.020,
1946,3,0.001,-0.010,
1946,4,0.020,0.006,
1946,5,0.007,0.019,
1946,6,0.023,0.019,
1946,7,0.044,0.023,
1946,8,0.001,0.025,
1946,9,0.040,0.027,
1946,10,0.016,0.025,
1946,11,0.034,0.033,
1946,12,0.033,0.029,
1947,1,0.041,0.036,
1947,2,0.021,0.028,
1947,3,0.051,0.027,
1947,4,-0.003,0.022,
1947,5,0.024,0.018,
1947,6,0.018,0.004,
1947,7,0.000,-0.003,
1947,8,-0.022,-0.013,
1947,9,-0.035,-0.016,
1947,10,-0.025,-0.009,
1947,11,0.001,0.004,
1947,12,0.034,0.014,
1948,1,0.045,0.021,
1948,2,0.016,0.025,
1948,3,0.006,0.020,
1948,4,0.022,0.016,
1948,5,0.011,0.021,
1948,6,0.023,0.016,
1948,7,0.043,0.012,
1948,8,-0.017,0.004,
1948,9,0.003,-0.002,
1948,10,-0.033,-0.015,
1948,11,-0.006,-0.012,
1948,12,-0.020,-0.004,
1949,1,-0.002,-0.003,
1949,2,0.039,0.001,
1949,3,-0.025,0.011,
1949,4,0.012,0.022,
1949,5,0.030,0.013,
1949,6,0.052,0.018,
1949,7,-0.006,0.016,
1949,8,0.002,0.006,
1949,9,0.001,-0.003,
1949,10,-0.019,-0.013,
1949,11,0.005,-0.030,
1949,12,-0.055,-0.047,
1950,1,-0.083,-0.049,
1950,2,-0.085,-0.048,
1950,3,-0.030,-0.037,
1950,4,0.013,-0.019,
1950,5,-0.002,0.008,
1950,6,0.008,0.009,
1950,7,0.050,0.001,
1950,8,-0.023,0.002,
1950,9,-0.028,-0.003,
1950,10,0.001,-0.010,
1950,11,-0.015,-0.018,
1950,12,0.013,-0.013,
1951,1,-0.063,-0.007,
1951,2,-0.000,0.003,
1951,3,0.030,0.014,
1951,4,0.037,0.042,
1951,5,0.066,0.059,
1951,6,0.079,0.064,
1951,7,0.082,0.070,
1951,8,0.057,0.072,
1951,9,0.066,0.075,
1951,10,0.078,0.064,
1951,11,0.090,0.061,
1951,12,0.031,0.053,
1952,1,0.039,0.041,
1952,2,0.025,0.032,
1952,3,0.019,0.023,
1952,4,0.047,0.016,
1952,5,-0.014,0.009,
1952,6,0.005,0.007,
1952,7,-0.014,-0.000,
1952,8,0.009,0.003,
1952,9,0.012,0.011,
1952,10,0.001,0.019,
1952,11,0.049,0.019,
1952,12,0.026,0.019,
1953,1,0.009,0.020,
1953,2,0.009,0.009,
1953,3,0.005,-0.004,
1953,4,-0.003,-0.013,
1953,5,-0.040,-0.013,
1953,6,-0.036,-0.016,
1953,7,0.009,-0.020,
1953,8,-0.007,-0.017,
1953,9,-0.026,-0.014,
1953,10,-0.022,-0.017,
1953,11,-0.023,-0.015,
1953,12,-0.009,-0.010,
1954,1,0.005,-0.005,
1954,2,-0.002,-0.004,
1954,3,0.003,0.006,
1954,4,-0.017,0.013,
1954,5,0.041,0.021,
1954,6,0.038,0.019,
1954,7,0.037,0.015,
1954,8,-0.006,-0.008,
1954,9,-0.037,-0.025,
1954,10,-0.075,-0.041,
1954,11,-0.045,-0.048,
1954,12,-0.041,-0.047,
1955,1,-0.043,-0.028,
1955,2,-0.029,-0.023,
1955,3,0.018,-0.013,
1955,4,-0.021,-0.001,
1955,5,0.009,0.000,
1955,6,0.018,-0.002,
1955,7,-0.021,-0.004,
1955,8,0.005,-0.025,
1955,9,-0.029,-0.039,
1955,10,-0.095,-0.051,
1955,11,-0.056,-0.061,
1955,12,-0.079,-0.063,
1956,1,-0.047,-0.050,
1956,2,-0.036,-0.038,
1956,3,-0.030,-0.023,
1956,4,0.004,-0.009,
1956,5,-0.006,-0.004,
1956,6,0.023,0.002,
1956,7,-0.011,-0.010,
1956,8,-0.003,-0.014,
1956,9,-0.055,-0.023,
1956,10,-0.027,-0.025,
1956,11,-0.019,-0.021,
1956,12,-0.023,-0.001,
1957,1,0.018,0.002,
1957,2,0.045,0.008,
1957,3,-0.013,0.022,
1957,4,0.015,0.032,
1957,5,0.045,0.037,
1957,6,0.070,0.052,
1957,7,0.070,0.054,
1957,8,0.063,0.052,
1957,9,0.023,0.055,
1957,10,0.036,0.066,
1957,11,0.084,0.073,
1957,12,0.124,0.088,
1958,1,0.100,0.101,
1958,2,0.095,0.101,
1958,3,0.101,0.083,
1958,4,0.084,0.060,
1958,5,0.034,0.044,
1958,6,-0.014,0.038,
1958,7,0.013,0.040,
1958,8,0.070,0.055,
1958,9,0.097,0.071,
1958,10,0.107,0.081,
1958,11,0.067,0.090,
1958,12,0.062,0.091,
1959,1,0.116,0.080,
1959,2,0.103,0.081,
1959,3,0.053,0.081,
1959,4,0.072,0.065,
1959,5,0.061,0.051,
1959,6,0.037,0.044,
1959,7,0.033,0.037,
1959,8,0.018,0.039,
1959,9,0.034,0.034,
1959,10,0.075,0.040,
1959,11,0.008,0.037,
1959,12,0.067,0.015,
1960,1,-0.001,-0.004,
1960,2,-0.075,-0.007,
1960,3,-0.018,-0.018,
1960,4,-0.005,-0.023,
1960,5,0.010,-0.015,
1960,6,-0.026,-0.017,
1960,7,-0.036,-0.016,
1960,8,-0.027,-0.012,
1960,9,-0.003,0.002,
1960,10,0.034,0.022,
1960,11,0.042,0.044,
1960,12,0.062,0.059,
1961,1,0.083,0.064,
1961,2,0.075,0.074,
1961,3,0.059,0.069,
1961,4,0.091,0.065,
1961,5,0.036,0.051,
1961,6,0.064,0.044,
1961,7,0.005,0.022,
1961,8,0.023,0.008,
1961,9,-0.018,-0.010,
1961,10,-0.034,-0.011,
1961,11,-0.029,-0.010,
1961,12,0.000,0.001,
1962,1,0.030,-0.000,
1962,2,0.041,0.005,
1962,3,-0.042,0.002,
1962,4,-0.005,-0.009,
1962,5,-0.015,-0.021,
1962,6,-0.023,-0.011,
1962,7,-0.020,-0.007,
1962,8,0.010,0.003,
1962,9,0.015,0.001,
1962,10,0.031,0.007,
1962,11,-0.031,0.006,
1962,12,0.011,0.012,
1963,1,0.006,0.004,
1963,2,0.042,0.005,
1963,3,-0.008,0.001,
1963,4,-0.025,0.004,
1963,5,-0.012,0.002,
1963,6,0.024,0.011,
1963,7,0.030,0.030,
1963,8,0.035,0.039,
1963,9,0.071,0.040,
1963,10,0.036,0.043,
1963,11,0.026,0.041,
1963,12,0.048,0.025,
1964,1,0.023,0.013,
1964,2,-0.006,-0.009,
1964,3,-0.027,-0.037,
1964,4,-0.084,-0.053,
1964,5,-0.091,-0.062,
1964,6,-0.056,-0.058,
1964,7,-0.051,-0.043,
1964,8,-0.006,-0.034,
1964,9,-0.009,-0.034,
1964,10,-0.045,-0.031,
1964,11,-0.058,-0.039,
1964,12,-0.038,-0.031,
1965,1,-0.042,-0.013,
1965,2,0.030,0.010,
1965,3,0.044,0.011,
1965,4,0.054,0.014,
1965,5,-0.029,0.004,
1965,6,-0.031,0.003,
1965,7,-0.019,0.003,
1965,8,0.041,0.011,
1965,9,0.050,0.023,
1965,10,0.014,0.040,
1965,11,0.026,
1965,12,0.070,
1973,12,-0.064,
1974,1,-0.020,
1974,2,-0.076,-0.040,
1974,3,-0.034,-0.028,
1974,4,-0.005,-0.018,
1974,5,-0.005,0.000,
1974,6,0.028,0.002,
1974,7,0.016,-0.001,
1974,8,-0.025,-0.007,
1974,9,-0.022,-0.018,
1974,10,-0.033,-0.033,
1974,11,-0.024,-0.035,
1974,12,-0.060,-0.035,
1975,1,-0.037,-0.030,
1975,2,-0.020,-0.028,
1975,3,-0.010,-0.030,
1975,4,-0.013,-0.029,
1975,5,-0.071,-0.027,
1975,6,-0.028,-0.035,
1975,7,-0.010,-0.037,
1975,8,-0.050,-0.037,
1975,9,-0.026,-0.038,
1975,10,-0.072,-0.042,
1975,11,-0.032,-0.044,
1975,12,-0.028,-0.044,
1976,1,-0.062,-0.034,
1976,2,-0.027,-0.028,
1976,3,-0.021,-0.018,
1976,4,-0.002,-0.002,
1976,5,0.021,0.005,
1976,6,0.019,0.004,
1976,7,0.007,-0.000,
1976,8,-0.028,-0.002,
1976,9,-0.022,0.007,
1976,10,0.012,0.018,
1976,11,0.063,0.032,
1976,12,0.065,0.034,
1977,1,0.042,0.024,
1977,2,-0.011,0.001,
1977,3,-0.041,-0.023,
1977,4,-0.052,-0.041,
1977,5,-0.053,-0.047,
1977,6,-0.046,-0.036,
1977,7,-0.043,-0.031,
1977,8,0.014,-0.014,
1977,9,-0.023,0.002,
1977,10,0.029,0.018,
1977,11,0.032,0.031,
1977,12,0.039,0.055,
1978,1,0.081,0.068,
1978,2,0.092,0.055,
1978,3,0.094,0.046,
1978,4,-0.033,0.017,
1978,5,-0.006,-0.011,
1978,6,-0.060,-0.033,
1978,7,-0.048,-0.031,
1978,8,-0.018,-0.028,
1978,9,-0.025,-0.014,
1978,10,0.012,-0.002,
1978,11,0.008,0.011,
1978,12,0.013,0.017,
1979,1,0.045,0.017,
1979,2,0.008,0.018,
1979,3,0.010,0.014,
1979,4,0.011,0.001,
1979,5,-0.004,-0.005,
1979,6,-0.019,-0.011,
1979,7,-0.026,-0.016,
1979,8,-0.019,-0.022,
1979,9,-0.012,-0.027,
1979,10,-0.032,-0.035,
1979,11,-0.048,-0.021,
1979,12,-0.065,0.002,
1980,1,0.051,0.022,
1980,2,0.104,0.039,
1980,3,0.070,0.062,
1980,4,0.034,0.056,
1980,5,0.052,0.041,
1980,6,0.019,0.034,
1980,7,0.028,0.023,
1980,8,0.036,0.006,
1980,9,-0.019,-0.000,
1980,10,-0.034,-0.003,
1980,11,-0.013,0.002,
1980,12,0.016,0.008,
1981,1,0.058,0.017,
1981,2,0.014,0.028,
1981,3,0.007,0.042,
1981,4,0.044,0.040,
1981,5,0.088,0.042,
1981,6,0.049,0.038,
1981,7,0.020,0.019,
1981,8,-0.011,-0.000,
1981,9,-0.049,-0.012,
1981,10,-0.010,-0.021,
1981,11,-0.011,-0.027,
1981,12,-0.022,-0.015,
1982,1,-0.045,-0.001,
1982,2,0.013,0.001,
1982,3,0.061,0.012,
1982,4,-0.002,0.022,
1982,5,0.034,0.021,
1982,6,0.004,0.017,
1982,7,0.010,0.038,
1982,8,0.040,0.049,
1982,9,0.103,0.080,
1982,10,0.088,0.105,
1982,11,0.161,
1982,12,0.135,
1983,8,0.016,
1983,9,0.089,
1983,10,0.008,0.020,
1983,11,0.001,0.013,
1983,12,-0.016,-0.023,
1984,1,-0.017,-0.038,
1984,2,-0.092,-0.057,
1984,3,-0.067,-0.065,
1984,4,-0.094,-0.068,
1984,5,-0.055,-0.047,
1984,6,-0.030,-0.033,
1984,7,0.010,-0.008,
1984,8,0.006,-0.009,
1984,9,0.030,-0.026,
1984,10,-0.061,-0.044,
1984,11,-0.113,-0.067,
1984,12,-0.081,-0.095,
1985,1,-0.110,-0.108,
1985,2,-0.108,-0.107,
1985,3,-0.130,-0.099,
1985,4,-0.108,-0.047,
1985,5,-0.041,-0.021,
1985,6,0.151,-0.007,
1985,7,0.023,0.023,
1985,8,-0.063,0.037,
1985,9,0.043,0.006,
1985,10,0.031,-0.009,
1985,11,-0.002,-0.003,
1985,12,-0.053,-0.004,
1986,1,-0.033,-0.005,
1986,2,0.036,-0.004,
1986,3,0.028,-0.001,
1986,4,0.001,-0.002,
1986,5,-0.039,-0.009,
1986,6,-0.033,-0.017,
1986,7,0.001,-0.019,
1986,8,-0.015,-0.001,
1986,9,-0.007,0.016,
1986,10,0.052,0.022,
1986,11,0.048,0.033,
1986,12,0.034,0.054,
1987,1,0.036,0.050,
1987,2,0.102,0.040,
1987,3,0.032,0.045,
1987,4,-0.004,0.036,
1987,5,0.059,0.018,
1987,6,-0.010,0.010,
1987,7,0.014,0.011,
1987,8,-0.008,-0.003,
1987,9,-0.003,0.009,
1987,10,-0.008,0.001,
1987,11,0.049,-0.007,
1987,12,-0.025,-0.005,
1988,1,-0.048,-0.001,
1988,2,0.006,-0.009,
1988,3,0.011,-0.010,
1988,4,0.012,-0.021,
1988,5,-0.030,-0.026,
1988,6,-0.103,-0.030,
1988,7,-0.022,-0.042,
1988,8,-0.006,-0.054,
1988,9,-0.047,-0.060,
1988,10,-0.092,-0.077,
1988,11,-0.132,-0.096,
1988,12,-0.106,-0.112,
1989,1,-0.104,-0.103,
1989,2,-0.123,-0.073,
1989,3,-0.051,-0.049,
1989,4,0.020,-0.039,
1989,5,0.014,-0.017,
1989,6,-0.056,-0.007,
1989,7,-0.010,-0.014,
1989,8,-0.005,-0.030,
1989,9,-0.015,-0.025,
1989,10,-0.066,-0.037,
1989,11,-0.030,-0.045,
1989,12,-0.071,-0.050,
1990,1,-0.045,-0.053,
1990,2,-0.037,-0.044,
1990,3,-0.083,-0.049,
1990,4,0.015,-0.061,
1990,5,-0.094,-0.067,
1990,6,-0.106,-0.058,
1990,7,-0.067,-0.072,
1990,8,-0.036,-0.065,
1990,9,-0.059,-0.047,
1990,10,-0.058,-0.045,
1990,11,-0.013,-0.056,
1990,12,-0.061,-0.055,
1991,1,-0.088,-0.045,
1991,2,-0.053,-0.057,
1991,3,-0.008,-0.066,
1991,4,-0.074,-0.060,
1991,5,-0.108,-0.062,
1991,6,-0.056,-0.070,
1991,7,-0.062,-0.053,
1991,8,-0.048,-0.022,
1991,9,0.007,0.000,
1991,10,0.050,0.024,
1991,11,0.055,0.080,
1991,12,0.057,0.130,
1992,1,0.230,0.174,
1992,2,0.259,0.208,
1992,3,0.271,0.210,
1992,4,0.223,0.161,
1992,5,0.067,0.112,
1992,6,-0.017,0.060,
1992,7,0.018,0.012,
1992,8,0.011,0.003,
1992,9,-0.020,0.016,
1992,10,0.021,0.010,
1992,11,0.048,0.029,
1992,12,-0.009,0.049,
1993,1,0.106,0.050,
1993,2,0.077,0.036,
1993,3,0.029,0.039,
1993,4,-0.025,0.021,
1993,5,0.008,0.007,
1993,6,0.014,-0.004,
1993,7,0.011,0.001,
1993,8,-0.026,0.007,
1993,9,-0.003,-0.002,
1993,10,0.041,-0.016,
1993,11,-0.033,-0.012,
1993,12,-0.059,-0.015,
1994,1,-0.003,-0.025,
1994,2,-0.022,-0.026,
1994,3,-0.009,-0.027,
1994,4,-0.037,-0.026,
1994,5,-0.063,-0.025,
1994,6,0.000,-0.019,
1994,7,-0.016,-0.009,
1994,8,0.018,0.011,
1994,9,0.014,0.008,
1994,10,0.040,0.018,
1994,11,-0.014,0.019,
1994,12,0.031,0.025,
1995,1,0.025,0.026,
1995,2,0.043,0.023,
1995,3,0.047,0.011,
1995,4,-0.029,0.004,
1995,5,-0.030,-0.006,
1995,6,-0.010,-0.008,
1995,7,-0.006,0.001,
1995,8,0.035,0.008,
1995,9,0.019,0.008,
1995,10,0.001,0.011,
1995,11,-0.008,-0.003,
1995,12,0.008,-0.007,
1996,1,-0.035,-0.011,
1996,2,-0.000,-0.012,
1996,3,-0.017,-0.009,
1996,4,-0.013,-0.006,
1996,5,0.021,-0.009,
1996,6,-0.020,-0.005,
1996,7,-0.017,-0.002,
1996,8,0.004,-0.008,
1996,9,-0.001,-0.011,
1996,10,-0.009,-0.014,
1996,11,-0.035,-0.022,
1996,12,-0.031,-0.029,
1997,1,-0.037,-0.022,
1997,2,-0.034,-0.016,
1997,3,0.025,0.006,
1997,4,-0.002,0.030,
1997,5,0.080,0.046,
1997,6,0.082,0.058,
1997,7,0.044,0.079,
1997,8,0.088,0.095,
1997,9,0.101,0.118,
1997,10,0.161,0.144,
1997,11,0.198,0.153,
1997,12,0.174,0.144,
1998,1,0.130,0.125,
1998,2,0.057,0.084,
1998,3,0.068,0.049,
1998,4,-0.009,0.022,
1998,5,0.000,0.019,
1998,6,-0.008,0.014,
1998,7,0.043,0.020,
1998,8,0.044,0.015,
1998,9,0.021,0.012,
1998,10,-0.026,-0.016,
1998,11,-0.023,-0.035,
1998,12,-0.099,-0.059,
1999,1,-0.051,-0.065,
1999,2,-0.099,-0.067,
1999,3,-0.054,-0.047,
1999,4,-0.035,-0.040,
1999,5,0.001,-0.026,
1999,6,-0.012,-0.027,
1999,7,-0.031,-0.037,
1999,8,-0.058,-0.050,
1999,9,-0.085,-0.068,
1999,10,-0.066,-0.080,
1999,11,-0.100,-0.085,
1999,12,-0.093,-0.080,
2000,1,-0.080,-0.072,
2000,2,-0.059,-0.060,
2000,3,-0.029,-0.047,
2000,4,-0.040,-0.027,
2000,5,-0.024,-0.017,
2000,6,0.016,-0.016,
2000,7,-0.010,-0.015,
2000,8,-0.022,-0.019,
2000,9,-0.035,-0.034,
2000,10,-0.045,-0.048,
2000,11,-0.058,-0.057,
2000,12,-0.082,-0.062,
2001,1,-0.066,-0.055,
2001,2,-0.057,-0.056,
2001,3,-0.012,-0.038,
2001,4,-0.066,-0.029,
2001,5,0.010,-0.026,
2001,6,-0.022,-0.031,
2001,7,-0.038,-0.023,
2001,8,-0.037,-0.033,
2001,9,-0.030,-0.037,
2001,10,-0.040,-0.042,
2001,11,-0.038,-0.046,
2001,12,-0.067,-0.050,
2002,1,-0.055,-0.052,
2002,2,-0.049,-0.056,
2002,3,-0.052,-0.055,
2002,4,-0.057,-0.052,
2002,5,-0.064,-0.049,
2002,6,-0.038,-0.049,
2002,7,-0.034,-0.042,
2002,8,-0.052,-0.038,
2002,9,-0.022,-0.026,
2002,10,-0.046,-0.018,
2002,11,0.026,-0.011,
2002,12,0.005,0.003,
2003,1,-0.019,-0.004,
2003,2,0.047,-0.018,
2003,3,-0.078,-0.031,
2003,4,-0.044,-0.034,
2003,5,-0.061,-0.045,
2003,6,-0.036,-0.029,
2003,7,-0.007,-0.027,
2003,8,0.002,-0.005,
2003,9,-0.035,0.001,
2003,10,0.051,0.003,
2003,11,-0.005,0.005,
2003,12,0.002,0.007,
2004,1,0.012,0.003,
2004,2,-0.025,0.001,
2004,3,0.033,0.004,
2004,4,-0.017,0.003,
2004,5,0.016,0.000,
2004,6,0.009,-0.013,
2004,7,-0.039,-0.002,
2004,8,-0.033,-0.001,
2004,9,0.040,-0.001,
2004,10,0.018,0.012,
2004,11,0.009,0.033,
2004,12,0.028,0.039,
2005,1,0.069,0.035,
2005,2,0.071,0.038,
2005,3,0.001,0.034,
2005,4,0.021,0.012,
2005,5,0.008,-0.003,
2005,6,-0.040,-0.003,
2005,7,-0.005,-0.017,
2005,8,-0.001,-0.023,
2005,9,-0.047,-0.021,
2005,10,-0.022,-0.030,
2005,11,-0.030,-0.044,
2005,12,-0.050,-0.046,
2006,1,-0.073,-0.053,
2006,2,-0.054,-0.046,
2006,3,-0.060,-0.032,
2006,4,0.008,-0.017,
2006,5,0.019,0.001,
2006,6,0.001,0.012,
2006,7,0.040,0.011,
2006,8,-0.004,0.010,
2006,9,-0.001,0.014,
2006,10,0.014,0.003,
2006,11,0.021,0.003,
2006,12,-0.015,-0.010,
2007,1,-0.006,-0.030,
2007,2,-0.065,-0.045,
2007,3,-0.085,-0.054,
2007,4,-0.054,-0.061,
2007,5,-0.059,-0.047,
2007,6,-0.042,-0.032,
2007,7,0.004,-0.030,
2007,8,-0.011,-0.032,
2007,9,-0.042,-0.035,
2007,10,-0.070,-0.048,
2007,11,-0.059,-0.054,
2007,12,-0.061,-0.054,
2008,1,-0.041,-0.052,
2008,2,-0.042,-0.049,
2008,3,-0.060,-0.036,
2008,4,-0.042,-0.023,
2008,5,0.003,-0.008,
2008,6,0.023,0.016,
2008,7,0.036,0.025,
2008,8,0.058,0.021,
2008,9,0.007,0.012,
2008,10,-0.020,0.001,
2008,11,-0.019,-0.022,
2008,12,-0.022,-0.033,
2009,1,-0.057,-0.036,
2009,2,-0.048,-0.038,
2009,3,-0.032,-0.032,
2009,4,-0.030,-0.019,
2009,5,0.007,-0.012,
2009,6,0.007,-0.009,
2009,7,-0.012,-0.000,
2009,8,-0.019,0.011,
2009,9,0.015,0.014,
2009,10,0.064,0.033,
2009,11,0.022,0.055,
2009,12,0.085,0.067,
2010,1,0.087,0.049,
2010,2,0.074,0.051,
2010,3,-0.024,0.024,
2010,4,0.031,-0.002,
2010,5,-0.050,-0.031,
2010,6,-0.042,-0.041,
2010,7,-0.072,-0.065,
2010,8,-0.072,-0.070,
2010,9,-0.088,-0.076,
2010,10,-0.076,-0.068,
2010,11,-0.071,-0.061,
2010,12,-0.034,-0.054,
2011,1,-0.036,-0.051,
2011,2,-0.052,-0.039,
2011,3,-0.061,-0.034,
2011,4,-0.009,-0.032,
2011,5,-0.010,-0.021,
2011,6,-0.025,-0.016,
2011,7,-0.000,-0.027,
2011,8,-0.038,-0.038,
2011,9,-0.064,-0.046,
2011,10,-0.063,-0.058,
2011,11,-0.067,-0.060,
2011,12,-0.059,-0.058,
2012,1,-0.048,-0.053,
2012,2,-0.054,-0.044,
2012,3,-0.037,-0.029,
2012,4,-0.020,-0.012,
2012,5,0.013,-0.007,
2012,6,0.035,0.007,
2012,7,-0.025,0.015,
2012,8,0.031,0.017,
2012,9,0.018,0.007,
2012,10,0.026,0.013,
2012,11,-0.015,-0.006,
2012,12,0.003,-0.020,
2013,1,-0.061,-0.032,
2013,2,-0.053,-0.027,
2013,3,-0.032,-0.027,
2013,4,0.006,-0.016,
2013,5,0.006,-0.008,
2013,6,-0.005,-0.010,
2013,7,-0.015,-0.013,
2013,8,-0.042,-0.014,
2013,9,-0.009,-0.012,
2013,10,0.004,-0.010,
2013,11,0.004,0.002,
2013,12,-0.005,-0.001,
2014,1,0.018,0.001,
2014,2,-0.026,0.008,
2014,3,0.013,0.022,
2014,4,0.041,0.030,
2014,5,0.065,0.044,
2014,6,0.058,0.043,
2014,7,0.040,0.050,
2014,8,0.008,0.058,
2014,9,0.079,0.053,
2014,10,0.103,0.064,
2014,11,0.035,0.072,
2014,12,0.095,0.061,
2015,1,0.048,0.053,
2015,2,0.026,0.059,
2015,3,0.062,0.051,
2015,4,0.063,0.053,
2015,5,0.054,0.061,
2015,6,0.059,0.060,
2015,7,0.068,0.079,
2015,8,0.057,0.104,
2015,9,0.157,0.119,
2015,10,0.180,0.130,
2015,11,0.133,0.126,
2015,12,0.124,0.106,
2016,1,0.035,0.079,
2016,2,0.057,0.053,
2016,3,0.048,0.027,
2016,4,0.004,0.021,
2016,5,-0.011,0.011,
2016,6,0.004,0.007,
2016,7,0.011,0.008,
2016,8,0.025,0.010,
2016,9,0.010,0.015,
2016,10,0.001,0.013,
2016,11,0.026,0.012,
2016,12,0.002,0.014,
2017,1,0.019,0.016,
2017,2,0.021,0.016,
2017,3,0.014,0.023,
2017,4,0.023,0.026,
2017,5,0.038,0.025,
2017,6,0.036,0.028,
2017,7,0.014,0.024,
2017,8,0.028,0.022,
2017,9,0.003,0.017,
2017,10,0.031,0.016,
2017,11,0.012,0.010,
2017,12,0.007,0.011,
2018,1,-0.003,0.001,
2018,2,0.007,-0.006,
2018,3,-0.016,-0.007,
2018,4,-0.023,-0.003,
2018,5,0.002,-0.001,
2018,6,0.016,0.010,
2018,7,0.014,0.016,
2018,8,0.040,0.027,
2018,9,0.006,0.038,
2018,10,0.060,0.042,
2018,11,0.068,0.040,
2018,12,0.035,0.039,
2019,1,0.030,0.028,
2019,2,0.001,0.021,
2019,3,0.004,0.013,
2019,4,0.032,0.007,
2019,5,-0.002,0.004,
2019,6,-0.000,-0.003,
2019,7,-0.015,-0.008,
2019,8,-0.030,-0.009,
2019,9,0.006,0.005,
2019,10,-0.008,0.015,
2019,11,0.072,0.021,
2019,12,0.033,0.026,
2020,1,0.004,0.031,
2020,2,0.028,0.017,
2020,3,0.020,0.013,
2020,4,-0.001,0.009,
2020,5,0.013,-0.000,
2020,6,-0.015,-0.004,
2020,7,-0.018,-0.006,
2020,8,-0.000,-0.008,
2020,9,-0.009,-0.013,
2020,10,0.003,-0.017,
2020,11,-0.042,-0.019,
2020,12,-0.037,-0.029,
2021,1,-0.012,-0.041,
2021,2,-0.057,-0.030,
2021,3,-0.059,-0.018,
2021,4,0.014,-0.009,
2021,5,0.024,0.003,
2021,6,0.032,0.014,
2021,7,0.005,0.002,
2021,8,-0.003,-0.009,
2021,9,-0.048,-0.027,
2021,10,-0.031,-0.030,
2021,11,-0.056,-0.034,
2021,12,-0.014,-0.032,
2022,1,-0.023,-0.028,
2022,2,-0.035,-0.022,
2022,3,-0.012,-0.024,
2022,4,-0.025,-0.015,
2022,5,-0.026,-0.015,
2022,6,0.022,-0.016,
2022,7,-0.033,-0.011,
2022,8,-0.018,-0.011,
2022,9,0.003,-0.024,
2022,10,-0.026,-0.022,
2022,11,-0.045,-0.019,
2022,12,-0.024,-0.024,
2023,1,-0.002,-0.027,
2023,2,-0.025,-0.021,
2023,3,-0.039,-0.007,
2023,4,-0.016,-0.006,
2023,5,0.049,0.007,
2023,6,0.002,0.025,
2023,7,0.036,0.030,
2023,8,0.055,0.034,
2023,9,0.008,0.048,
2023,10,0.069,0.057,
2023,11,0.070,0.048,
2023,12,0.082,0.051,
2024,1,0.011,0.034,
2024,2,0.021,0.015,
2024,3,-0.014,-0.007,
2024,4,-0.024,-0.010,
2024,5,-0.030,-0.021,
2024,6,-0.005,-0.023,
2024,7,-0.031,-0.024,
2024,8,-0.022,-0.023,
2024,9,-0.030,-0.035,
2024,10,-0.024,
2024,11,-0.068,
