Interannual variation of monthly mean sea level and the 5-month centered average.
The values are in meters.  The average seasonal cycle and the relative sea level trend have been removed.
Column values are the Year; Month; Interannual Variation; and the 5-month centered average of the Interannual Variation.
Product of NOAAs National Ocean Service / Center for Operational Oceanographic Products and Services (CO-OPS)

Year, Month, Interannual_Variation, Five_Month_Average
1854,7,0.028,
1854,8,0.045,
1854,9,0.054,0.057,
1854,10,0.069,0.072,
1854,11,0.088,0.087,
1854,12,0.105,0.106,
1855,1,0.120,0.135,
1855,2,0.150,0.168,
1855,3,0.212,0.178,
1855,4,0.253,0.160,
1855,5,0.154,0.130,
1855,6,0.029,0.106,
1855,7,0.002,0.064,
1855,8,0.089,0.048,
1855,9,0.043,0.041,
1855,10,0.076,0.023,
1855,11,-0.006,0.014,
1855,12,-0.086,-0.005,
1856,1,0.044,-0.026,
1856,2,-0.053,-0.010,
1856,3,-0.027,0.016,
1856,4,0.072,-0.007,
1856,5,0.045,0.003,
1856,6,-0.070,0.005,
1856,7,-0.006,-0.011,
1856,8,-0.016,-0.027,
1856,9,-0.008,-0.017,
1856,10,-0.037,-0.025,
1856,11,-0.020,-0.020,
1856,12,-0.042,-0.009,
1857,1,0.009,0.017,
1857,2,0.045,0.032,
1857,3,0.093,0.046,
1857,4,0.054,0.050,
1857,5,0.028,0.023,
1857,6,0.029,-0.003,
1857,7,-0.088,-0.018,
1857,8,-0.037,-0.024,
1857,9,-0.022,-0.040,
1857,10,-0.005,-0.029,
1857,11,-0.050,-0.031,
1857,12,-0.032,-0.040,
1858,1,-0.045,-0.064,
1858,2,-0.066,-0.070,
1858,3,-0.129,-0.069,
1858,4,-0.079,-0.055,
1858,5,-0.026,-0.042,
1858,6,0.027,-0.017,
1858,7,-0.001,-0.008,
1858,8,-0.005,-0.001,
1858,9,-0.036,-0.002,
1858,10,0.008,0.007,
1858,11,0.021,0.017,
1858,12,0.045,0.045,
1859,1,0.045,0.037,
1859,2,0.104,0.035,
1859,3,-0.030,0.034,
1859,4,0.011,0.032,
1859,5,0.039,0.006,
1859,6,0.033,-0.001,
1859,7,-0.025,-0.017,
1859,8,-0.062,-0.026,
1859,9,-0.072,-0.045,
1859,10,-0.006,-0.047,
1859,11,-0.060,-0.049,
1859,12,-0.036,-0.051,
1860,1,-0.073,-0.064,
1860,2,-0.080,-0.061,
1860,3,-0.072,-0.071,
1860,4,-0.043,-0.059,
1860,5,-0.088,-0.054,
1860,6,-0.012,-0.052,
1860,7,-0.054,-0.058,
1860,8,-0.064,-0.061,
1860,9,-0.071,-0.074,
1860,10,-0.106,-0.067,
1860,11,-0.078,-0.081,
1860,12,-0.018,-0.092,
1861,1,-0.133,-0.084,
1861,2,-0.125,-0.085,
1861,3,-0.068,-0.098,
1861,4,-0.079,-0.090,
1861,5,-0.087,-0.078,
1861,6,-0.093,-0.084,
1861,7,-0.065,-0.092,
1861,8,-0.097,-0.097,
1861,9,-0.119,-0.098,
1861,10,-0.111,-0.098,
1861,11,-0.098,-0.045,
1861,12,-0.068,-0.017,
1862,1,0.170,-0.003,
1862,2,0.019,0.019,
1862,3,-0.036,0.041,
1862,4,0.008,0.002,
1862,5,0.046,0.002,
1862,6,-0.025,0.014,
1862,7,0.015,0.010,
1862,8,0.026,-0.006,
1862,9,-0.011,-0.007,
1862,10,-0.034,-0.018,
1862,11,-0.033,-0.045,
1862,12,-0.040,-0.064,
1863,1,-0.108,-0.078,
1863,2,-0.105,-0.079,
1863,3,-0.105,-0.080,
1863,4,-0.040,-0.067,
1863,5,-0.042,-0.057,
1863,6,-0.045,-0.049,
1863,7,-0.054,-0.055,
1863,8,-0.064,-0.057,
1863,9,-0.071,-0.055,
1863,10,-0.051,-0.065,
1863,11,-0.035,-0.078,
1863,12,-0.103,-0.081,
1864,1,-0.131,-0.087,
1864,2,-0.085,-0.090,
1864,3,-0.080,-0.051,
1864,4,-0.051,-0.026,
1864,5,0.093,-0.003,
1864,6,-0.008,0.014,
1864,7,0.032,0.025,
1864,8,0.004,0.015,
1864,9,0.006,0.022,
1864,10,0.042,0.020,
1864,11,0.027,0.022,
1864,12,0.020,0.021,
1865,1,0.013,-0.020,
1865,2,0.004,-0.048,
1865,3,-0.167,-0.059,
1865,4,-0.111,-0.081,
1865,5,-0.034,-0.096,
1865,6,-0.095,-0.074,
1865,7,-0.073,-0.064,
1865,8,-0.056,-0.067,
1865,9,-0.063,-0.057,
1865,10,-0.049,-0.076,
1865,11,-0.045,-0.071,
1865,12,-0.165,-0.056,
1866,1,-0.034,-0.033,
1866,2,0.014,-0.018,
1866,3,0.065,0.021,
1866,4,0.030,0.024,
1866,5,0.031,0.026,
1866,6,-0.021,0.018,
1866,7,0.025,0.021,
1866,8,0.025,0.017,
1866,9,0.048,0.016,
1866,10,0.007,0.024,
1866,11,-0.023,0.025,
1866,12,0.062,0.003,
1867,1,0.031,0.016,
1867,2,-0.064,0.027,
1867,3,0.076,0.025,
1867,4,0.027,0.019,
1867,5,0.056,0.041,
1867,6,0.001,0.031,
1867,7,0.045,0.022,
1867,8,0.026,0.004,
1867,9,-0.019,0.001,
1867,10,-0.035,0.011,
1867,11,-0.009,0.031,
1867,12,0.090,0.055,
1868,1,0.129,0.073,
1868,2,0.099,0.081,
1868,3,0.055,0.078,
1868,4,0.031,0.055,
1868,5,0.075,0.049,
1868,6,0.015,0.053,
1868,7,0.070,0.061,
1868,8,0.072,0.055,
1868,9,0.074,0.067,
1868,10,0.043,0.064,
1868,11,0.077,0.057,
1868,12,0.052,0.058,
1869,1,0.039,0.055,
1869,2,0.078,0.041,
1869,3,0.029,0.034,
1869,4,0.008,0.033,
1869,5,0.018,0.024,
1869,6,0.031,0.031,
1869,7,0.032,0.033,
1869,8,0.064,0.040,
1869,9,0.020,0.025,
1869,10,0.053,0.013,
1869,11,-0.041,-0.007,
1869,12,-0.032,-0.013,
1870,1,-0.036,-0.039,
1870,2,-0.009,-0.042,
1870,3,-0.077,-0.038,
1870,4,-0.055,-0.035,
1870,5,-0.011,-0.026,
1870,6,-0.023,0.002,
1870,7,0.039,0.016,
1870,8,0.058,0.022,
1870,9,0.015,0.019,
1870,10,0.023,0.003,
1870,11,-0.040,-0.021,
1870,12,-0.041,-0.029,
1871,1,-0.060,-0.053,
1871,2,-0.026,-0.052,
1871,3,-0.098,-0.049,
1871,4,-0.033,-0.041,
1871,5,-0.031,-0.033,
1871,6,-0.016,-0.019,
1871,7,0.011,-0.022,
1871,8,-0.029,-0.035,
1871,9,-0.045,-0.040,
1871,10,-0.094,-0.036,
1871,11,-0.042,-0.017,
1871,12,0.028,0.002,
1872,1,0.069,0.019,
1872,2,0.048,0.017,
1872,3,-0.006,0.017,
1872,4,-0.056,0.011,
1872,5,0.031,0.006,
1872,6,0.040,0.012,
1872,7,0.021,0.023,
1872,8,0.021,0.012,
1872,9,0.002,-0.003,
1872,10,-0.024,-0.010,
1872,11,-0.035,-0.024,
1872,12,-0.014,-0.031,
1873,1,-0.048,-0.035,
1873,2,-0.033,-0.040,
1873,3,-0.044,-0.045,
1873,4,-0.061,-0.042,
1873,5,-0.041,-0.033,
1873,6,-0.032,-0.023,
1873,7,0.013,-0.029,
1873,8,0.006,-0.028,
1873,9,-0.089,-0.028,
1873,10,-0.038,-0.025,
1873,11,-0.034,-0.020,
1873,12,0.030,-0.000,
1874,1,0.032,0.010,
1874,2,0.010,0.017,
1874,3,0.012,0.022,
1874,4,0.004,0.020,
1874,5,0.051,0.024,
1874,6,0.024,0.018,
1874,7,0.027,0.015,
1874,8,-0.014,0.007,
1874,9,-0.015,0.006,
1874,10,0.011,-0.006,
1874,11,0.018,-0.004,
1874,12,-0.030,-0.007,
1875,1,-0.004,-0.035,
1875,2,-0.031,-0.047,
1875,3,-0.127,-0.042,
1875,4,-0.041,-0.036,
1875,5,-0.009,-0.020,
1875,6,0.027,0.010,
1875,7,0.049,0.019,
1875,8,0.021,0.022,
1875,9,0.008,0.019,
1875,10,0.003,0.007,
1875,11,0.013,0.012,
1875,12,-0.008,0.020,
1876,1,0.043,0.031,
1876,2,0.048,0.029,
1876,3,0.057,0.035,
1876,4,0.006,0.041,
1876,5,0.023,0.043,
1876,6,0.068,0.045,
1876,7,0.059,0.056,
1876,8,0.068,0.060,
1876,9,0.061,0.056,
1876,10,0.044,0.056,
1876,11,0.048,0.049,
1876,12,0.060,0.044,
1877,1,0.032,0.048,
1877,2,0.034,0.041,
1877,3,0.064,0.033,
1877,4,0.016,0.039,
1877,5,0.018,0.045,
1877,6,0.063,0.045,
1877,7,0.066,0.052,
1877,8,0.062,0.052,
1877,9,0.049,0.054,
1877,10,0.021,0.072,
1877,11,0.070,0.102,
1877,12,0.155,0.128,
1878,1,0.215,0.150,
1878,2,0.175,0.160,
1878,3,0.135,0.140,
1878,4,0.121,0.112,
1878,5,0.052,0.079,
1878,6,0.079,0.058,
1878,7,0.006,0.035,
1878,8,0.033,0.029,
1878,9,0.005,0.015,
1878,10,0.022,0.017,
1878,11,0.007,-0.004,
1878,12,0.016,-0.014,
1879,1,-0.068,-0.017,
1879,2,-0.046,-0.009,
1879,3,0.005,-0.014,
1879,4,0.049,0.006,
1879,5,-0.008,0.017,
1879,6,0.031,0.022,
1879,7,0.007,0.008,
1879,8,0.031,0.005,
1879,9,-0.022,-0.007,
1879,10,-0.020,-0.016,
1879,11,-0.031,-0.036,
1879,12,-0.038,-0.044,
1880,1,-0.070,-0.046,
1880,2,-0.061,-0.022,
1880,3,-0.031,-0.002,
1880,4,0.087,0.018,
1880,5,0.063,0.044,
1880,6,0.032,0.056,
1880,7,0.069,0.037,
1880,8,0.029,0.030,
1880,9,-0.008,0.022,
1880,10,0.030,0.021,
1880,11,-0.012,0.031,
1880,12,0.066,0.047,
1881,1,0.078,0.044,
1881,2,0.072,0.066,
1881,3,0.013,0.073,
1881,4,0.103,0.069,
1881,5,0.101,0.066,
1881,6,0.055,0.068,
1881,7,0.058,0.049,
1881,8,0.024,0.026,
1881,9,0.008,0.001,
1881,10,-0.015,-0.023,
1881,11,-0.069,-0.046,
1881,12,-0.064,-0.070,
1882,1,-0.092,-0.068,
1882,2,-0.110,-0.052,
1882,3,-0.004,-0.034,
1882,4,0.009,0.000,
1882,5,0.026,0.030,
1882,6,0.080,0.035,
1882,7,0.041,0.033,
1882,8,0.019,0.023,
1882,9,-0.000,0.002,
1882,10,-0.026,-0.017,
1882,11,-0.022,-0.046,
1882,12,-0.056,-0.066,
1883,1,-0.124,-0.055,
1883,2,-0.103,-0.058,
1883,3,0.030,-0.033,
1883,4,-0.035,0.005,
1883,5,0.066,0.037,
1883,6,0.069,0.035,
1883,7,0.054,0.048,
1883,8,0.020,0.042,
1883,9,0.031,0.024,
1883,10,0.039,0.015,
1883,11,-0.024,0.014,
1883,12,0.012,0.027,
1884,1,0.014,0.058,
1884,2,0.096,0.093,
1884,3,0.190,0.117,
1884,4,0.154,0.131,
1884,5,0.128,0.125,
1884,6,0.088,0.094,
1884,7,0.065,0.068,
1884,8,0.033,0.054,
1884,9,0.025,0.049,
1884,10,0.062,0.066,
1884,11,0.062,0.069,
1884,12,0.147,0.059,
1885,1,0.051,0.057,
1885,2,-0.028,0.059,
1885,3,0.051,0.033,
1885,4,0.076,0.020,
1885,5,0.013,0.026,
1885,6,-0.014,0.020,
1885,7,0.002,0.010,
1885,8,0.025,0.016,
1885,9,0.023,0.048,
1885,10,0.047,0.068,
1885,11,0.146,0.089,
1885,12,0.102,0.103,
1886,1,0.126,0.098,
1886,2,0.095,0.086,
1886,3,0.024,0.071,
1886,4,0.083,0.045,
1886,5,0.029,0.018,
1886,6,-0.004,0.007,
1886,7,-0.043,-0.019,
1886,8,-0.029,-0.039,
1886,9,-0.049,-0.054,
1886,10,-0.070,-0.060,
1886,11,-0.076,-0.079,
1886,12,-0.077,-0.077,
1887,1,-0.123,-0.074,
1887,2,-0.038,-0.061,
1887,3,-0.057,-0.044,
1887,4,-0.008,-0.012,
1887,5,0.006,-0.005,
1887,6,0.037,0.003,
1887,7,-0.003,0.002,
1887,8,-0.016,-0.005,
1887,9,-0.017,-0.022,
1887,10,-0.027,-0.037,
1887,11,-0.050,-0.060,
1887,12,-0.076,-0.072,
1888,1,-0.128,-0.076,
1888,2,-0.077,-0.070,
1888,3,-0.048,-0.066,
1888,4,-0.019,-0.035,
1888,5,-0.060,-0.017,
1888,6,0.029,-0.008,
1888,7,0.010,-0.004,
1888,8,-0.003,0.007,
1888,9,0.005,0.012,
1888,10,-0.004,0.022,
1888,11,0.051,0.028,
1888,12,0.060,0.019,
1889,1,0.028,0.037,
1889,2,-0.039,0.035,
1889,3,0.084,0.026,
1889,4,0.043,0.028,
1889,5,0.014,0.035,
1889,6,0.039,0.017,
1889,7,-0.004,0.008,
1889,8,-0.008,0.012,
1889,9,0.000,0.011,
1889,10,0.032,0.035,
1889,11,0.034,0.038,
1889,12,0.115,0.042,
1890,1,0.011,0.047,
1890,2,0.020,0.048,
1890,3,0.058,0.048,
1890,4,0.035,0.055,
1890,5,0.116,0.060,
1890,6,0.046,0.054,
1890,7,0.045,0.058,
1890,8,0.029,0.039,
1890,9,0.053,0.036,
1890,10,0.021,0.025,
1890,11,0.029,0.007,
1890,12,-0.005,0.005,
1891,1,-0.061,-0.007,
1891,2,0.042,-0.021,
1891,3,-0.041,-0.012,
1891,4,-0.037,-0.004,
1891,5,0.037,-0.010,
1891,6,-0.023,-0.002,
1891,7,0.013,0.002,
1891,8,0.000,-0.016,
1891,9,-0.016,-0.021,
1891,10,-0.054,-0.052,
1891,11,-0.050,-0.073,
1891,12,-0.141,-0.077,
1892,1,-0.103,-0.075,
1892,2,-0.036,-0.087,
1892,3,-0.043,-0.065,
1892,4,-0.112,-0.053,
1892,5,-0.032,-0.057,
1892,6,-0.044,-0.057,
1892,7,-0.053,-0.058,
1892,8,-0.045,-0.069,
1892,9,-0.119,-0.077,
1892,10,-0.087,-0.067,
1892,11,-0.083,-0.064,
1892,12,-0.003,-0.051,
1893,1,-0.029,-0.030,
1893,2,-0.051,-0.019,
1893,3,0.015,-0.017,
1893,4,-0.026,-0.022,
1893,5,0.006,-0.019,
1893,6,-0.053,-0.027,
1893,7,-0.040,-0.029,
1893,8,-0.022,-0.043,
1893,9,-0.038,-0.043,
1893,10,-0.064,-0.049,
1893,11,-0.054,-0.062,
1893,12,-0.070,-0.072,
1894,1,-0.085,-0.076,
1894,2,-0.086,-0.073,
1894,3,-0.087,-0.051,
1894,4,-0.037,-0.039,
1894,5,0.040,-0.031,
1894,6,-0.024,-0.028,
1894,7,-0.048,-0.030,
1894,8,-0.073,-0.052,
1894,9,-0.046,-0.060,
1894,10,-0.069,-0.047,
1894,11,-0.065,-0.008,
1894,12,0.019,0.007,
1895,1,0.120,0.016,
1895,2,0.030,0.026,
1895,3,-0.025,0.028,
1895,4,-0.012,0.009,
1895,5,0.026,0.012,
1895,6,0.026,0.020,
1895,7,0.045,0.015,
1895,8,0.016,0.009,
1895,9,-0.039,0.007,
1895,10,-0.001,-0.018,
1895,11,0.015,-0.016,
1895,12,-0.080,-0.019,
1896,1,0.022,-0.022,
1896,2,-0.051,-0.024,
1896,3,-0.015,-0.010,
1896,4,0.005,-0.007,
1896,5,-0.009,0.009,
1896,6,0.033,0.010,
1896,7,0.030,0.011,
1896,8,-0.007,0.013,
1896,9,0.010,0.004,
1896,10,0.000,0.005,
1896,11,-0.012,0.018,
1896,12,0.033,0.014,
1897,1,0.060,0.011,
1897,2,-0.013,0.003,
1897,3,-0.014,-0.005,
1897,4,-0.052,-0.021,
1897,5,-0.005,-0.025,
1897,6,-0.021,
1897,7,-0.030,
1897,9,-0.013,
1897,10,-0.014,
1897,11,-0.047,-0.051,
1897,12,-0.094,-0.061,
1898,1,-0.088,-0.075,
1898,2,-0.064,-0.075,
1898,3,-0.083,-0.062,
1898,4,-0.048,-0.048,
1898,5,-0.029,-0.043,
1898,6,-0.014,-0.027,
1898,7,-0.041,-0.024,
1898,8,-0.002,-0.031,
1898,9,-0.033,-0.038,
1898,10,-0.062,-0.043,
1898,11,-0.049,-0.053,
1898,12,-0.068,-0.072,
1899,1,-0.051,-0.070,
1899,2,-0.130,-0.059,
1899,3,-0.052,-0.051,
1899,4,0.008,-0.036,
1899,5,-0.028,-0.005,
1899,6,0.024,0.001,
1899,7,0.024,-0.003,
1899,8,-0.022,0.011,
1899,9,-0.014,0.023,
1899,10,0.043,0.028,
1899,11,0.083,0.042,
1899,12,0.049,0.041,
1900,1,0.048,0.041,
1900,2,-0.019,0.023,
1900,3,0.041,0.013,
1900,4,-0.006,0.008,
1900,5,0.001,0.014,
1900,6,0.022,0.007,
1900,7,0.013,0.006,
1900,8,0.006,0.008,
1900,9,-0.013,0.007,
1900,10,0.013,0.004,
1900,11,0.017,0.015,
1900,12,-0.002,0.031,
1901,1,0.058,0.031,
1901,2,0.070,0.016,
1901,3,0.012,0.016,
1901,4,-0.060,-0.002,
1901,5,-0.001,-0.021,
1901,6,-0.029,-0.024,
1901,7,-0.025,-0.013,
1901,8,-0.002,-0.016,
1901,9,-0.009,-0.009,
1901,10,-0.016,-0.014,
1901,11,0.009,-0.025,
1901,12,-0.053,-0.019,
1902,1,-0.054,-0.014,
1902,2,0.016,-0.017,
1902,3,0.010,-0.008,
1902,4,-0.004,0.005,
1902,5,-0.009,0.010,
1902,6,0.012,0.017,
1902,7,0.043,0.029,
1902,8,0.042,0.047,
1902,9,0.056,0.059,
1902,10,0.082,0.061,
1902,11,0.074,0.060,
1902,12,0.052,0.047,
1903,1,0.036,0.049,
1903,2,-0.010,0.039,
1903,3,0.090,0.028,
1903,4,0.027,0.017,
1903,5,-0.002,0.014,
1903,6,-0.018,0.003,
1903,7,-0.026,0.000,
1903,8,0.034,0.004,
1903,9,0.015,0.008,
1903,10,0.016,0.010,
1903,11,-0.001,-0.015,
1903,12,-0.014,-0.020,
1904,1,-0.091,-0.003,
1904,2,-0.009,0.010,
1904,3,0.097,0.025,
1904,4,0.068,0.052,
1904,5,0.060,0.061,
1904,6,0.044,0.048,
1904,7,0.036,0.054,
1904,8,0.035,0.056,
1904,9,0.098,0.061,
1904,10,0.066,0.057,
1904,11,0.070,0.060,
1904,12,0.014,0.071,
1905,1,0.053,0.083,
1905,2,0.150,0.087,
1905,3,0.125,0.092,
1905,4,0.093,0.079,
1905,5,0.040,0.053,
1905,6,-0.013,0.030,
1905,7,0.018,0.011,
1905,8,0.011,0.006,
1905,9,0.001,0.023,
1905,10,0.012,0.014,
1905,11,0.074,0.017,
1905,12,-0.027,0.034,
1906,1,0.024,0.059,
1906,2,0.084,0.057,
1906,3,0.139,0.066,
1906,4,0.064,0.062,
1906,5,0.019,0.050,
1906,6,0.004,0.033,
1906,7,0.025,0.017,
1906,8,0.052,0.004,
1906,9,-0.013,-0.012,
1906,10,-0.048,-0.017,
1906,11,-0.074,-0.017,
1906,12,-0.002,-0.007,
1907,1,0.052,0.033,
1907,2,0.034,0.067,
1907,3,0.152,0.076,
1907,4,0.098,0.074,
1907,5,0.042,0.076,
1907,6,0.044,0.057,
1907,7,0.045,0.040,
1907,8,0.056,0.041,
1907,9,0.013,0.027,
1907,10,0.045,0.013,
1907,11,-0.025,0.006,
1907,12,-0.025,-0.002,
1908,1,0.023,-0.018,
1908,2,-0.029,-0.013,
1908,3,-0.033,-0.023,
1908,4,-0.001,-0.037,
1908,5,-0.073,-0.031,
1908,6,-0.049,-0.027,
1908,7,-0.000,-0.029,
1908,8,-0.010,-0.024,
1908,9,-0.014,-0.022,
1908,10,-0.046,-0.034,
1908,11,-0.039,-0.011,
1908,12,-0.061,0.005,
1909,1,0.106,0.013,
1909,2,0.063,0.020,
1909,3,-0.004,0.029,
1909,4,-0.006,0.005,
1909,5,-0.014,-0.013,
1909,6,-0.012,-0.018,
1909,7,-0.029,-0.018,
1909,8,-0.027,-0.020,
1909,9,-0.010,-0.033,
1909,10,-0.020,-0.020,
1909,11,-0.080,-0.024,
1909,12,0.035,-0.042,
1910,1,-0.048,-0.035,
1910,2,-0.097,-0.022,
1910,3,0.012,-0.038,
1910,4,-0.011,-0.037,
1910,5,-0.047,-0.020,
1910,6,-0.041,-0.028,
1910,7,-0.013,-0.031,
1910,8,-0.026,-0.028,
1910,9,-0.030,-0.027,
1910,10,-0.028,-0.037,
1910,11,-0.040,-0.030,
1910,12,-0.059,-0.018,
1911,1,0.004,0.005,
1911,2,0.032,0.021,
1911,3,0.089,0.031,
1911,4,0.036,0.034,
1911,5,-0.006,0.031,
1911,6,0.021,0.008,
1911,7,0.015,0.001,
1911,8,-0.028,0.017,
1911,9,0.005,0.014,
1911,10,0.070,0.014,
1911,11,0.010,0.025,
1911,12,0.012,0.004,
1912,1,0.028,-0.000,
1912,2,-0.101,-0.004,
1912,3,0.050,-0.006,
1912,4,-0.009,-0.007,
1912,5,0.001,0.014,
1912,6,0.025,-0.004,
1912,7,0.001,-0.009,
1912,8,-0.036,-0.011,
1912,9,-0.034,-0.018,
1912,10,-0.011,-0.037,
1912,11,-0.010,-0.042,
1912,12,-0.096,-0.039,
1913,1,-0.060,-0.052,
1913,2,-0.021,-0.053,
1913,3,-0.073,-0.038,
1913,4,-0.014,-0.025,
1913,5,-0.019,-0.022,
1913,6,0.002,-0.004,
1913,7,-0.007,0.004,
1913,8,0.017,0.003,
1913,9,0.025,0.007,
1913,10,-0.022,0.006,
1913,11,0.024,0.027,
1913,12,-0.016,0.036,
1914,1,0.124,0.057,
1914,2,0.071,0.069,
1914,3,0.083,0.087,
1914,4,0.081,0.068,
1914,5,0.077,0.059,
1914,6,0.027,0.055,
1914,7,0.028,0.047,
1914,8,0.060,0.048,
1914,9,0.041,0.057,
1914,10,0.086,0.085,
1914,11,0.071,0.091,
1914,12,0.168,0.119,
1915,1,0.089,0.115,
1915,2,0.179,0.119,
1915,3,0.066,0.096,
1915,4,0.092,0.074,
1915,5,0.056,0.039,
1915,6,-0.021,0.026,
1915,7,0.004,0.014,
1915,8,-0.002,0.001,
1915,9,0.033,0.002,
1915,10,-0.011,-0.003,
1915,11,-0.016,0.020,
1915,12,-0.020,0.019,
1916,1,0.114,0.025,
1916,2,0.025,0.028,
1916,3,0.021,0.023,
1916,4,0.001,-0.011,
1916,5,-0.046,-0.020,
1916,6,-0.056,-0.032,
1916,7,-0.019,-0.040,
1916,8,-0.038,-0.035,
1916,9,-0.042,-0.039,
1916,10,-0.022,-0.044,
1916,11,-0.073,-0.048,
1916,12,-0.046,-0.042,
1917,1,-0.055,-0.054,
1917,2,-0.017,-0.046,
1917,3,-0.081,-0.045,
1917,4,-0.031,-0.043,
1917,5,-0.039,-0.038,
1917,6,-0.046,-0.029,
1917,7,0.007,-0.028,
1917,8,-0.037,-0.019,
1917,9,-0.023,-0.013,
1917,10,0.004,-0.020,
1917,11,-0.017,-0.029,
1917,12,-0.027,-0.035,
1918,1,-0.082,-0.027,
1918,2,-0.052,-0.016,
1918,3,0.042,-0.006,
1918,4,0.037,0.026,
1918,5,0.026,0.041,
1918,6,0.074,0.043,
1918,7,0.026,0.052,
1918,8,0.052,0.063,
1918,9,0.082,0.068,
1918,10,0.078,0.070,
1918,11,0.103,0.057,
1918,12,0.032,0.041,
1919,1,-0.008,0.028,
1919,2,0.001,0.010,
1919,3,0.009,0.013,
1919,4,0.017,0.014,
1919,5,0.045,0.015,
1919,6,-0.004,0.011,
1919,7,0.006,0.014,
1919,8,-0.007,0.010,
1919,9,0.031,0.006,
1919,10,0.024,0.001,
1919,11,-0.027,-0.001,
1919,12,-0.016,-0.013,
1920,1,-0.019,-0.024,
1920,2,-0.026,-0.028,
1920,3,-0.033,-0.027,
1920,4,-0.049,-0.023,
1920,5,-0.009,-0.028,
1920,6,0.000,-0.021,
1920,7,-0.051,-0.019,
1920,8,0.003,-0.020,
1920,9,-0.038,-0.020,
1920,10,-0.015,-0.008,
1920,11,-0.002,-0.003,
1920,12,0.013,-0.009,
1921,1,0.028,-0.006,
1921,2,-0.071,-0.018,
1921,3,-0.001,-0.019,
1921,4,-0.058,-0.025,
1921,5,0.005,-0.002,
1921,6,-0.002,-0.006,
1921,7,0.047,0.004,
1921,8,-0.024,0.007,
1921,9,-0.006,-0.001,
1921,10,0.020,-0.010,
1921,11,-0.043,-0.023,
1921,12,0.003,-0.018,
1922,1,-0.090,-0.036,
1922,2,0.022,-0.046,
1922,3,-0.070,-0.051,
1922,4,-0.096,-0.023,
1922,5,-0.019,-0.023,
1922,6,0.045,-0.013,
1922,7,0.027,0.004,
1922,8,-0.023,0.008,
1922,9,-0.011,-0.008,
1922,10,0.003,-0.011,
1922,11,-0.039,-0.018,
1922,12,0.016,-0.027,
1923,1,-0.061,-0.050,
1923,2,-0.056,-0.036,
1923,3,-0.112,-0.047,
1923,4,0.033,-0.041,
1923,5,-0.039,-0.038,
1923,6,-0.033,-0.025,
1923,7,-0.039,-0.032,
1923,8,-0.046,-0.022,
1923,9,-0.004,-0.006,
1923,10,0.010,-0.010,
1923,11,0.050,-0.013,
1923,12,-0.059,-0.028,
1924,1,-0.060,-0.043,
1924,2,-0.080,-0.059,
1924,3,-0.065,-0.059,
1924,4,-0.033,-0.053,
1924,5,-0.059,-0.045,
1924,6,-0.029,-0.047,
1924,7,-0.038,-0.050,
1924,8,-0.075,-0.050,
1924,9,-0.049,-0.064,
1924,10,-0.062,-0.075,
1924,11,-0.098,-0.086,
1924,12,-0.089,-0.079,
1925,1,-0.132,-0.063,
1925,2,-0.015,-0.042,
1925,3,0.018,-0.013,
1925,4,0.008,0.017,
1925,5,0.055,0.019,
1925,6,0.017,0.012,
1925,7,-0.003,0.007,
1925,8,-0.016,0.001,
1925,9,-0.020,-0.003,
1925,10,0.024,0.004,
1925,11,0.000,0.014,
1925,12,0.034,0.028,
1926,1,0.033,0.034,
1926,2,0.047,0.048,
1926,3,0.056,0.034,
1926,4,0.070,0.026,
1926,5,-0.036,0.008,
1926,6,-0.009,-0.010,
1926,7,-0.042,-0.038,
1926,8,-0.034,-0.037,
1926,9,-0.071,-0.026,
1926,10,-0.030,-0.027,
1926,11,0.047,-0.027,
1926,12,-0.047,-0.003,
1927,1,-0.036,-0.013,
1927,2,0.049,-0.023,
1927,3,-0.077,-0.027,
1927,4,-0.006,-0.019,
1927,5,-0.065,-0.039,
1927,6,0.001,-0.028,
1927,7,-0.050,-0.034,
1927,8,-0.023,-0.019,
1927,9,-0.033,-0.011,
1927,10,0.008,0.005,
1927,11,0.042,0.001,
1927,12,0.033,0.006,
1928,1,-0.047,0.002,
1928,2,-0.008,-0.005,
1928,3,-0.009,-0.016,
1928,4,0.008,-0.009,
1928,5,-0.022,-0.012,
1928,6,-0.016,-0.010,
1928,7,-0.022,-0.022,
1928,8,-0.001,-0.025,
1928,9,-0.048,-0.030,
1928,10,-0.037,-0.030,
1928,11,-0.042,-0.032,
1928,12,-0.021,-0.038,
1929,1,-0.012,-0.050,
1929,2,-0.079,-0.049,
1929,3,-0.096,-0.053,
1929,4,-0.034,-0.053,
1929,5,-0.042,-0.035,
1929,6,-0.012,-0.023,
1929,7,0.007,-0.014,
1929,8,-0.034,-0.011,
1929,9,0.008,-0.014,
1929,10,-0.027,-0.027,
1929,11,-0.026,-0.017,
1929,12,-0.059,-0.019,
1930,1,0.019,-0.003,
1930,2,-0.002,0.007,
1930,3,0.054,0.016,
1930,4,0.022,0.012,
1930,5,-0.010,0.012,
1930,6,-0.001,0.003,
1930,7,-0.004,0.005,
1930,8,0.007,0.015,
1930,9,0.034,0.025,
1930,10,0.038,0.028,
1930,11,0.048,0.026,
1930,12,0.012,0.026,
1931,1,-0.001,0.005,
1931,2,0.032,-0.004,
1931,3,-0.064,-0.001,
1931,4,0.002,-0.002,
1931,5,0.024,-0.008,
1931,6,-0.003,0.001,
1931,7,0.000,-0.006,
1931,8,-0.019,-0.019,
1931,9,-0.032,-0.027,
1931,10,-0.040,-0.031,
1931,11,-0.045,-0.038,
1931,12,-0.020,-0.031,
1932,1,-0.055,-0.035,
1932,2,0.003,-0.022,
1932,3,-0.057,-0.008,
1932,4,0.021,0.005,
1932,5,0.047,0.006,
1932,6,0.010,0.024,
1932,7,0.010,0.033,
1932,8,0.034,0.024,
1932,9,0.066,0.015,
1932,10,-0.002,0.003,
1932,11,-0.035,-0.016,
1932,12,-0.050,-0.057,
1933,1,-0.057,-0.067,
1933,2,-0.139,-0.063,
1933,3,-0.052,-0.068,
1933,4,-0.015,-0.062,
1933,5,-0.077,-0.035,
1933,6,-0.028,-0.028,
1933,7,-0.001,-0.034,
1933,8,-0.020,-0.031,
1933,9,-0.042,-0.039,
1933,10,-0.065,-0.044,
1933,11,-0.067,-0.054,
1933,12,-0.028,-0.048,
1934,1,-0.068,-0.036,
1934,2,-0.010,-0.025,
1934,3,-0.009,-0.018,
1934,4,-0.007,-0.005,
1934,5,0.006,-0.008,
1934,6,-0.003,-0.011,
1934,7,-0.027,-0.008,
1934,8,-0.025,-0.017,
1934,9,0.007,-0.017,
1934,10,-0.037,-0.017,
1934,11,-0.002,-0.009,
1934,12,-0.030,-0.016,
1935,1,0.018,-0.008,
1935,2,-0.027,0.004,
1935,3,0.001,0.016,
1935,4,0.061,0.016,
1935,5,0.028,0.021,
1935,6,0.017,0.026,
1935,7,-0.002,0.010,
1935,8,0.028,0.005,
1935,9,-0.019,-0.006,
1935,10,0.001,-0.004,
1935,11,-0.040,-0.021,
1935,12,0.008,-0.003,
1936,1,-0.054,-0.004,
1936,2,0.071,-0.002,
1936,3,-0.004,0.001,
1936,4,-0.030,0.011,
1936,5,0.020,-0.005,
1936,6,-0.004,-0.001,
1936,7,-0.007,0.008,
1936,8,0.016,0.009,
1936,9,0.016,0.011,
1936,10,0.023,0.012,
1936,11,0.007,-0.005,
1936,12,-0.003,-0.004,
1937,1,-0.068,-0.000,
1937,2,0.020,-0.010,
1937,3,0.043,-0.006,
1937,4,-0.041,0.009,
1937,5,0.018,0.011,
1937,6,0.004,0.002,
1937,7,0.031,0.008,
1937,8,-0.001,0.003,
1937,9,-0.014,0.004,
1937,10,-0.006,0.013,
1937,11,0.011,0.014,
1937,12,0.077,0.039,
1938,1,0.003,0.056,
1938,2,0.113,0.057,
1938,3,0.075,0.045,
1938,4,0.015,0.054,
1938,5,0.019,0.036,
1938,6,0.050,0.018,
1938,7,0.019,0.007,
1938,8,-0.015,-0.001,
1938,9,-0.037,-0.023,
1938,10,-0.023,-0.033,
1938,11,-0.061,-0.044,
1938,12,-0.028,-0.071,
1939,1,-0.069,-0.090,
1939,2,-0.173,-0.089,
1939,3,-0.119,-0.093,
1939,4,-0.057,-0.090,
1939,5,-0.047,-0.066,
1939,6,-0.052,-0.043,
1939,7,-0.056,-0.022,
1939,8,-0.005,-0.010,
1939,9,0.049,0.014,
1939,10,0.011,0.024,
1939,11,0.068,0.040,
1939,12,-0.003,0.045,
1940,1,0.075,0.058,
1940,2,0.075,0.049,
1940,3,0.074,0.051,
1940,4,0.026,0.039,
1940,5,0.003,0.020,
1940,6,0.016,0.006,
1940,7,-0.018,0.006,
1940,8,0.002,0.008,
1940,9,0.029,0.009,
1940,10,0.009,0.050,
1940,11,0.023,0.086,
1940,12,0.187,0.130,
1941,1,0.180,0.175,
1941,2,0.250,0.194,
1941,3,0.236,0.168,
1941,4,0.119,0.130,
1941,5,0.056,0.089,
1941,6,-0.011,0.042,
1941,7,0.044,0.028,
1941,8,0.003,0.028,
1941,9,0.048,0.049,
1941,10,0.056,0.069,
1941,11,0.091,0.083,
1941,12,0.145,0.096,
1942,1,0.074,0.082,
1942,2,0.114,0.084,
1942,3,-0.013,0.052,
1942,4,0.102,0.030,
1942,5,-0.019,0.006,
1942,6,-0.034,0.004,
1942,7,-0.007,-0.018,
1942,8,-0.023,-0.018,
1942,9,-0.009,-0.017,
1942,10,-0.019,-0.029,
1942,11,-0.026,-0.020,
1942,12,-0.070,-0.019,
1943,1,0.024,-0.009,
1943,2,-0.001,-0.002,
1943,3,0.031,0.011,
1943,4,0.008,0.010,
1943,5,-0.006,0.009,
1943,6,0.016,-0.002,
1943,7,-0.003,-0.001,
1943,8,-0.025,0.002,
1943,9,0.011,0.000,
1943,10,0.012,0.003,
1943,11,0.005,-0.001,
1943,12,0.013,-0.006,
1944,1,-0.045,-0.012,
1944,2,-0.012,-0.021,
1944,3,-0.020,-0.022,
1944,4,-0.040,-0.014,
1944,5,0.007,-0.009,
1944,6,-0.004,-0.012,
1944,7,0.013,-0.004,
1944,8,-0.039,-0.010,
1944,9,0.000,-0.005,
1944,10,-0.023,-0.008,
1944,11,0.021,-0.009,
1944,12,-0.001,-0.020,
1945,1,-0.041,-0.029,
1945,2,-0.054,-0.049,
1945,3,-0.070,-0.058,
1945,4,-0.081,-0.049,
1945,5,-0.046,-0.035,
1945,6,0.006,-0.024,
1945,7,0.015,-0.004,
1945,8,-0.014,0.010,
1945,9,0.016,0.007,
1945,10,0.028,0.016,
1945,11,-0.008,0.006,
1945,12,0.058,-0.007,
1946,1,-0.062,-0.027,
1946,2,-0.049,-0.031,
1946,3,-0.075,-0.043,
1946,4,-0.028,-0.041,
1946,5,-0.003,-0.036,
1946,6,-0.051,-0.029,
1946,7,-0.024,-0.024,
1946,8,-0.040,-0.027,
1946,9,-0.004,-0.012,
1946,10,-0.017,-0.006,
1946,11,0.023,-0.010,
1946,12,0.007,-0.011,
1947,1,-0.057,-0.002,
1947,2,-0.012,-0.016,
1947,3,0.029,-0.014,
1947,4,-0.046,-0.002,
1947,5,0.014,-0.013,
1947,6,0.005,-0.027,
1947,7,-0.069,-0.027,
1947,8,-0.042,-0.034,
1947,9,-0.043,-0.046,
1947,10,-0.019,-0.043,
1947,11,-0.058,-0.037,
1947,12,-0.052,-0.044,
1948,1,-0.011,-0.048,
1948,2,-0.078,-0.027,
1948,3,-0.043,-0.020,
1948,4,0.050,-0.012,
1948,5,-0.016,0.006,
1948,6,0.027,0.011,
1948,7,0.009,-0.002,
1948,8,-0.014,-0.007,
1948,9,-0.017,-0.021,
1948,10,-0.039,-0.028,
1948,11,-0.042,-0.038,
1948,12,-0.027,-0.037,
1949,1,-0.064,-0.024,
1949,2,-0.010,-0.019,
1949,3,0.025,-0.011,
1949,4,-0.019,0.011,
1949,5,0.010,0.009,
1949,6,0.047,-0.002,
1949,7,-0.021,0.003,
1949,8,-0.028,-0.009,
1949,9,0.008,-0.023,
1949,10,-0.050,-0.036,
1949,11,-0.025,-0.047,
1949,12,-0.087,-0.064,
1950,1,-0.079,-0.074,
1950,2,-0.079,-0.076,
1950,3,-0.102,-0.062,
1950,4,-0.033,-0.045,
1950,5,-0.017,-0.024,
1950,6,0.005,-0.010,
1950,7,0.026,-0.007,
1950,8,-0.033,-0.003,
1950,9,-0.018,-0.000,
1950,10,0.006,0.010,
1950,11,0.018,0.009,
1950,12,0.079,0.013,
1951,1,-0.041,0.007,
1951,2,0.005,0.006,
1951,3,-0.028,-0.002,
1951,4,0.013,0.017,
1951,5,0.039,0.022,
1951,6,0.055,0.036,
1951,7,0.030,0.041,
1951,8,0.041,0.041,
1951,9,0.041,0.050,
1951,10,0.040,0.057,
1951,11,0.096,0.073,
1951,12,0.068,0.069,
1952,1,0.122,0.064,
1952,2,0.018,0.055,
1952,3,0.016,0.040,
1952,4,0.051,0.019,
1952,5,-0.006,0.017,
1952,6,0.016,0.014,
1952,7,0.007,0.003,
1952,8,0.000,0.003,
1952,9,-0.001,0.013,
1952,10,-0.008,0.028,
1952,11,0.066,0.035,
1952,12,0.084,0.016,
1953,1,0.034,0.012,
1953,2,-0.094,-0.009,
1953,3,-0.032,-0.033,
1953,4,-0.039,-0.049,
1953,5,-0.035,-0.031,
1953,6,-0.044,-0.033,
1953,7,-0.008,-0.023,
1953,8,-0.042,-0.021,
1953,9,0.012,-0.007,
1953,10,-0.025,-0.022,
1953,11,0.025,-0.011,
1953,12,-0.080,-0.015,
1954,1,0.014,-0.002,
1954,2,-0.008,-0.003,
1954,3,0.041,0.016,
1954,4,0.017,0.008,
1954,5,0.015,0.003,
1954,6,-0.024,-0.010,
1954,7,-0.034,-0.026,
1954,8,-0.026,-0.040,
1954,9,-0.060,-0.040,
1954,10,-0.057,-0.037,
1954,11,-0.023,-0.043,
1954,12,-0.018,-0.049,
1955,1,-0.055,-0.048,
1955,2,-0.092,-0.052,
1955,3,-0.050,-0.053,
1955,4,-0.046,-0.046,
1955,5,-0.024,-0.039,
1955,6,-0.017,-0.032,
1955,7,-0.057,-0.032,
1955,8,-0.018,-0.044,
1955,9,-0.044,-0.055,
1955,10,-0.084,-0.040,
1955,11,-0.074,-0.023,
1955,12,0.020,-0.019,
1956,1,0.068,-0.020,
1956,2,-0.024,-0.003,
1956,3,-0.088,-0.002,
1956,4,0.007,-0.016,
1956,5,0.029,-0.012,
1956,6,-0.004,-0.000,
1956,7,-0.003,-0.011,
1956,8,-0.030,-0.026,
1956,9,-0.049,-0.038,
1956,10,-0.046,-0.056,
1956,11,-0.061,-0.057,
1956,12,-0.095,-0.047,
1957,1,-0.035,-0.041,
1957,2,0.005,-0.025,
1957,3,-0.020,0.009,
1957,4,0.020,0.022,
1957,5,0.076,0.029,
1957,6,0.028,0.036,
1957,7,0.043,0.042,
1957,8,0.011,0.041,
1957,9,0.053,0.046,
1957,10,0.071,0.050,
1957,11,0.053,0.058,
1957,12,0.062,0.086,
1958,1,0.052,0.097,
1958,2,0.192,0.107,
1958,3,0.127,0.105,
1958,4,0.103,0.104,
1958,5,0.053,0.071,
1958,6,0.047,0.057,
1958,7,0.023,0.048,
1958,8,0.062,0.054,
1958,9,0.057,0.049,
1958,10,0.084,0.058,
1958,11,0.018,0.057,
1958,12,0.069,0.064,
1959,1,0.059,0.038,
1959,2,0.089,0.042,
1959,3,-0.046,0.023,
1959,4,0.040,0.005,
1959,5,-0.026,-0.007,
1959,6,-0.034,0.008,
1959,7,0.030,0.005,
1959,8,0.032,0.021,
1959,9,0.025,0.030,
1959,10,0.055,0.027,
1959,11,0.010,0.022,
1959,12,0.015,0.009,
1960,1,0.005,-0.010,
1960,2,-0.038,-0.027,
1960,3,-0.041,-0.048,
1960,4,-0.075,-0.048,
1960,5,-0.089,-0.046,
1960,6,0.003,-0.046,
1960,7,-0.027,-0.035,
1960,8,-0.043,-0.027,
1960,9,-0.020,-0.029,
1960,10,-0.045,-0.028,
1960,11,-0.011,-0.022,
1960,12,-0.021,-0.030,
1961,1,-0.012,-0.028,
1961,2,-0.058,-0.029,
1961,3,-0.037,-0.041,
1961,4,-0.019,-0.037,
1961,5,-0.078,-0.025,
1961,6,0.007,-0.019,
1961,7,0.002,-0.016,
1961,8,-0.008,-0.010,
1961,9,-0.004,-0.013,
1961,10,-0.047,-0.017,
1961,11,-0.007,-0.025,
1961,12,-0.020,-0.012,
1962,1,-0.045,-0.008,
1962,2,0.062,-0.025,
1962,3,-0.027,-0.027,
1962,4,-0.094,-0.019,
1962,5,-0.032,-0.031,
1962,6,-0.004,-0.024,
1962,7,0.003,-0.003,
1962,8,0.005,0.019,
1962,9,0.015,0.018,
1962,10,0.076,0.021,
1962,11,-0.006,0.019,
1962,12,0.018,0.029,
1963,1,-0.010,0.005,
1963,2,0.069,0.017,
1963,3,-0.047,0.018,
1963,4,0.057,0.026,
1963,5,0.021,0.014,
1963,6,0.031,0.021,
1963,7,0.010,0.014,
1963,8,-0.012,0.012,
1963,9,0.020,0.017,
1963,10,0.010,0.022,
1963,11,0.056,0.022,
1963,12,0.037,-0.001,
1964,1,-0.015,-0.022,
1964,2,-0.092,-0.049,
1964,3,-0.095,-0.066,
1964,4,-0.080,-0.071,
1964,5,-0.048,-0.069,
1964,6,-0.041,-0.049,
1964,7,-0.080,-0.031,
1964,8,0.004,-0.023,
1964,9,0.008,-0.013,
1964,10,-0.007,0.008,
1964,11,0.009,0.015,
1964,12,0.026,0.012,
1965,1,0.041,0.019,
1965,2,-0.011,0.032,
1965,3,0.031,0.015,
1965,4,0.074,0.006,
1965,5,-0.062,0.002,
1965,6,-0.004,-0.002,
1965,7,-0.028,-0.010,
1965,8,0.011,0.005,
1965,9,0.031,0.033,
1965,10,0.018,0.064,
1965,11,0.132,0.070,
1965,12,0.128,0.060,
1966,1,0.039,0.047,
1966,2,-0.016,0.030,
1966,3,-0.050,0.009,
1966,4,0.047,0.001,
1966,5,0.024,0.002,
1966,6,-0.000,0.016,
1966,7,-0.011,0.002,
1966,8,0.018,-0.004,
1966,9,-0.023,0.009,
1966,10,-0.002,0.014,
1966,11,0.063,0.014,
1966,12,0.016,0.015,
1967,1,0.018,0.023,
1967,2,-0.021,0.021,
1967,3,0.039,0.020,
1967,4,0.052,0.025,
1967,5,0.013,0.031,
1967,6,0.041,0.026,
1967,7,0.011,0.019,
1967,8,0.013,0.011,
1967,9,0.015,0.017,
1967,10,-0.025,0.009,
1967,11,0.070,0.006,
1967,12,-0.028,0.014,
1968,1,-0.002,0.022,
1968,2,0.053,0.001,
1968,3,0.019,0.001,
1968,4,-0.036,0.003,
1968,5,-0.028,-0.010,
1968,6,0.006,-0.014,
1968,7,-0.009,-0.005,
1968,8,-0.001,-0.002,
1968,9,0.007,-0.004,
1968,10,-0.012,-0.000,
1968,11,-0.005,0.030,
1968,12,0.009,0.066,
1969,1,0.149,0.075,
1969,2,0.191,0.081,
1969,3,0.032,0.080,
1969,4,0.026,0.050,
1969,5,0.000,0.012,
1969,6,-0.000,0.007,
1969,7,0.001,0.005,
1969,8,0.006,0.011,
1969,9,0.020,0.025,
1969,10,0.029,0.038,
1969,11,0.069,0.055,
1969,12,0.068,0.061,
1970,1,0.089,0.063,
1970,2,0.049,0.033,
1970,3,0.042,0.012,
1970,4,-0.085,-0.013,
1970,5,-0.035,-0.028,
1970,6,-0.035,-0.043,
1970,7,-0.025,-0.032,
1970,8,-0.035,-0.025,
1970,9,-0.028,-0.008,
1970,10,-0.001,0.011,
1970,11,0.052,0.009,
1970,12,0.066,-0.011,
1971,1,-0.044,-0.039,
1971,2,-0.130,-0.062,
1971,3,-0.137,-0.083,
1971,4,-0.066,-0.083,
1971,5,-0.037,-0.065,
1971,6,-0.046,-0.039,
1971,7,-0.040,-0.023,
1971,8,-0.004,-0.021,
1971,9,0.010,-0.016,
1971,10,-0.024,-0.016,
1971,11,-0.024,-0.025,
1971,12,-0.036,-0.033,
1972,1,-0.053,-0.036,
1972,2,-0.028,-0.036,
1972,3,-0.041,-0.029,
1972,4,-0.022,-0.012,
1972,5,-0.003,-0.006,
1972,6,0.031,0.011,
1972,7,0.004,0.020,
1972,8,0.043,0.044,
1972,9,0.026,0.063,
1972,10,0.114,0.086,
1972,11,0.127,0.097,
1972,12,0.120,0.124,
1973,1,0.098,0.099,
1973,2,0.159,0.057,
1973,3,-0.007,0.026,
1973,4,-0.088,0.004,
1973,5,-0.035,-0.038,
1973,6,-0.011,-0.043,
1973,7,-0.050,-0.042,
1973,8,-0.029,-0.044,
1973,9,-0.086,-0.050,
1973,10,-0.043,-0.044,
1973,11,-0.043,-0.031,
1973,12,-0.019,-0.028,
1974,1,0.035,-0.006,
1974,2,-0.072,0.010,
1974,3,0.068,0.008,
1974,4,0.036,0.004,
1974,5,-0.025,0.013,
1974,6,0.012,-0.005,
1974,7,-0.027,-0.009,
1974,8,-0.019,-0.003,
1974,9,0.014,-0.005,
1974,10,0.006,-0.008,
1974,11,0.004,-0.022,
1974,12,-0.042,-0.030,
1975,1,-0.092,-0.029,
1975,2,-0.025,-0.026,
1975,3,0.011,-0.030,
1975,4,0.018,-0.017,
1975,5,-0.064,-0.021,
1975,6,-0.027,-0.030,
1975,7,-0.041,-0.041,
1975,8,-0.036,-0.039,
1975,9,-0.034,-0.051,
1975,10,-0.054,-0.065,
1975,11,-0.089,-0.074,
1975,12,-0.112,-0.075,
1976,1,-0.082,-0.083,
1976,2,-0.036,-0.070,
1976,3,-0.095,-0.055,
1976,4,-0.026,-0.047,
1976,5,-0.035,-0.029,
1976,6,-0.044,-0.004,
1976,7,0.054,0.008,
1976,8,0.032,0.020,
1976,9,0.034,0.035,
1976,10,0.024,0.032,
1976,11,0.034,0.024,
1976,12,0.039,-0.004,
1977,1,-0.011,-0.041,
1977,2,-0.105,-0.073,
1977,3,-0.164,-0.100,
1977,4,-0.126,-0.109,
1977,5,-0.094,-0.103,
1977,6,-0.055,-0.076,
1977,7,-0.076,-0.052,
1977,8,-0.028,-0.038,
1977,9,-0.004,-0.032,
1977,10,-0.024,-0.015,
1977,11,-0.026,0.016,
1977,12,0.009,0.030,
1978,1,0.127,0.057,
1978,2,0.063,0.078,
1978,3,0.111,0.075,
1978,4,0.079,0.031,
1978,5,-0.005,0.007,
1978,6,-0.091,-0.019,
1978,7,-0.057,-0.042,
1978,8,-0.021,-0.041,
1978,9,-0.037,-0.022,
1978,10,0.004,-0.024,
1978,11,0.002,-0.012,
1978,12,-0.069,-0.005,
1979,1,0.040,-0.002,
1979,2,-0.003,-0.011,
1979,3,0.021,-0.000,
1979,4,-0.042,-0.019,
1979,5,-0.016,-0.029,
1979,6,-0.053,-0.042,
1979,7,-0.056,-0.039,
1979,8,-0.041,-0.038,
1979,9,-0.030,-0.034,
1979,10,-0.007,-0.021,
1979,11,-0.036,0.005,
1979,12,0.010,0.043,
1980,1,0.090,0.054,
1980,2,0.157,0.058,
1980,3,0.050,0.052,
1980,4,-0.019,0.030,
1980,5,-0.015,-0.009,
1980,6,-0.022,-0.016,
1980,7,-0.039,-0.013,
1980,8,0.018,-0.014,
1980,9,-0.007,-0.021,
1980,10,-0.021,-0.015,
1980,11,-0.057,-0.015,
1980,12,-0.009,-0.022,
1981,1,0.021,-0.020,
1981,2,-0.043,-0.015,
1981,3,-0.010,-0.018,
1981,4,-0.033,-0.035,
1981,5,-0.026,-0.030,
1981,6,-0.060,-0.039,
1981,7,-0.020,-0.044,
1981,8,-0.054,-0.043,
1981,9,-0.061,-0.023,
1981,10,-0.020,-0.018,
1981,11,0.039,-0.005,
1981,12,0.008,0.007,
1982,1,0.010,0.032,
1982,2,-0.003,0.043,
1982,3,0.106,0.055,
1982,4,0.096,0.061,
1982,5,0.066,0.062,
1982,6,0.042,0.044,
1982,7,-0.001,0.042,
1982,8,0.017,0.046,
1982,9,0.089,0.080,
1982,10,0.082,0.108,
1982,11,0.214,0.147,
1982,12,0.137,0.184,
1983,1,0.215,0.225,
1983,2,0.273,0.218,
1983,3,0.287,0.216,
1983,4,0.179,0.199,
1983,5,0.128,0.169,
1983,6,0.128,0.138,
1983,7,0.125,0.142,
1983,8,0.131,0.144,
1983,9,0.197,0.146,
1983,10,0.138,0.145,
1983,11,0.141,0.130,
1983,12,0.119,0.087,
1984,1,0.054,0.060,
1984,2,-0.016,0.021,
1984,3,0.002,-0.011,
1984,4,-0.052,-0.018,
1984,5,-0.041,-0.000,
1984,6,0.016,0.012,
1984,7,0.075,0.042,
1984,8,0.062,0.049,
1984,9,0.097,0.059,
1984,10,-0.005,0.050,
1984,11,0.066,0.034,
1984,12,0.032,-0.000,
1985,1,-0.018,-0.014,
1985,2,-0.076,-0.033,
1985,3,-0.076,-0.053,
1985,4,-0.026,-0.050,
1985,5,-0.068,-0.039,
1985,6,-0.004,-0.032,
1985,7,-0.022,-0.025,
1985,8,-0.041,-0.015,
1985,9,0.010,-0.016,
1985,10,-0.016,-0.018,
1985,11,-0.012,-0.009,
1985,12,-0.031,0.017,
1986,1,0.002,0.046,
1986,2,0.142,0.054,
1986,3,0.129,0.058,
1986,4,0.027,0.052,
1986,5,-0.012,0.025,
1986,6,-0.024,0.001,
1986,7,0.007,-0.001,
1986,8,0.009,0.005,
1986,9,0.014,0.015,
1986,10,0.022,0.023,
1986,11,0.023,0.009,
1986,12,0.046,0.007,
1987,1,-0.058,0.000,
1987,2,0.000,-0.014,
1987,3,-0.010,-0.014,
1987,4,-0.048,-0.006,
1987,5,0.044,-0.005,
1987,6,-0.017,0.007,
1987,7,0.008,0.017,
1987,8,0.047,0.014,
1987,9,0.006,0.026,
1987,10,0.029,0.028,
1987,11,0.042,0.009,
1987,12,0.014,0.004,
1988,1,-0.048,-0.010,
1988,2,-0.018,-0.014,
1988,3,-0.040,-0.029,
1988,4,0.020,-0.041,
1988,5,-0.058,-0.050,
1988,6,-0.111,-0.052,
1988,7,-0.061,-0.065,
1988,8,-0.050,-0.060,
1988,9,-0.045,-0.054,
1988,10,-0.034,-0.062,
1988,11,-0.079,-0.083,
1988,12,-0.101,-0.101,
1989,1,-0.157,-0.101,
1989,2,-0.135,-0.088,
1989,3,-0.035,-0.074,
1989,4,-0.013,-0.044,
1989,5,-0.030,-0.023,
1989,6,-0.009,-0.012,
1989,7,-0.027,-0.006,
1989,8,0.021,-0.003,
1989,9,0.017,-0.001,
1989,10,-0.018,0.007,
1989,11,0.001,-0.002,
1989,12,0.016,-0.021,
1990,1,-0.028,-0.031,
1990,2,-0.076,-0.027,
1990,3,-0.068,-0.030,
1990,4,0.022,-0.029,
1990,5,0.002,-0.011,
1990,6,-0.023,0.008,
1990,7,0.014,0.008,
1990,8,0.028,0.007,
1990,9,0.021,0.005,
1990,10,-0.004,-0.009,
1990,11,-0.034,-0.030,
1990,12,-0.056,-0.039,
1991,1,-0.078,-0.035,
1991,2,-0.024,-0.048,
1991,3,0.018,-0.058,
1991,4,-0.102,-0.048,
1991,5,-0.104,-0.045,
1991,6,-0.028,-0.051,
1991,7,-0.006,-0.030,
1991,8,-0.016,-0.001,
1991,9,0.007,0.001,
1991,10,0.039,0.006,
1991,11,-0.021,0.014,
1991,12,0.021,0.044,
1992,1,0.023,0.071,
1992,2,0.157,0.088,
1992,3,0.175,0.096,
1992,4,0.064,0.098,
1992,5,0.062,0.071,
1992,6,0.034,0.042,
1992,7,0.022,0.029,
1992,8,0.027,0.029,
1992,9,0.002,0.027,
1992,10,0.059,0.031,
1992,11,0.023,0.051,
1992,12,0.043,0.078,
1993,1,0.125,0.081,
1993,2,0.140,0.079,
1993,3,0.075,0.084,
1993,4,0.013,0.068,
1993,5,0.066,0.047,
1993,6,0.044,0.036,
1993,7,0.038,0.033,
1993,8,0.019,0.027,
1993,9,-0.000,0.023,
1993,10,0.032,0.010,
1993,11,0.024,-0.003,
1993,12,-0.023,-0.005,
1994,1,-0.051,-0.020,
1994,2,-0.008,-0.032,
1994,3,-0.042,-0.035,
1994,4,-0.038,-0.033,
1994,5,-0.034,-0.033,
1994,6,-0.043,-0.034,
1994,7,-0.009,-0.036,
1994,8,-0.047,-0.034,
1994,9,-0.048,-0.036,
1994,10,-0.024,-0.038,
1994,11,-0.051,0.005,
1994,12,-0.021,0.027,
1995,1,0.167,0.067,
1995,2,0.066,0.082,
1995,3,0.175,0.092,
1995,4,0.024,0.058,
1995,5,0.028,0.046,
1995,6,-0.003,0.015,
1995,7,0.007,0.015,
1995,8,0.021,0.008,
1995,9,0.020,0.001,
1995,10,-0.005,-0.002,
1995,11,-0.041,-0.017,
1995,12,-0.008,-0.000,
1996,1,-0.054,0.012,
1996,2,0.106,0.015,
1996,3,0.057,0.017,
1996,4,-0.025,0.019,
1996,5,-0.001,-0.004,
1996,6,-0.041,-0.019,
1996,7,-0.010,-0.015,
1996,8,-0.018,-0.021,
1996,9,-0.005,-0.023,
1996,10,-0.031,-0.014,
1996,11,-0.051,0.018,
1996,12,0.036,0.012,
1997,1,0.142,0.011,
1997,2,-0.037,0.006,
1997,3,-0.037,-0.001,
1997,4,-0.077,-0.021,
1997,5,0.002,-0.009,
1997,6,0.042,0.013,
1997,7,0.027,0.039,
1997,8,0.070,0.059,
1997,9,0.055,0.092,
1997,10,0.102,0.118,
1997,11,0.205,0.141,
1997,12,0.159,0.188,
1998,1,0.182,0.188,
1998,2,0.289,0.160,
1998,3,0.105,0.140,
1998,4,0.063,0.118,
1998,5,0.060,0.065,
1998,6,0.071,0.051,
1998,7,0.025,0.047,
1998,8,0.037,0.027,
1998,9,0.043,0.008,
1998,10,-0.039,-0.019,
1998,11,-0.024,-0.041,
1998,12,-0.113,-0.062,
1999,1,-0.075,-0.055,
1999,2,-0.063,-0.058,
1999,3,0.001,-0.048,
1999,4,-0.043,-0.041,
1999,5,-0.062,-0.034,
1999,6,-0.037,-0.045,
1999,7,-0.030,-0.044,
1999,8,-0.055,-0.044,
1999,9,-0.037,-0.048,
1999,10,-0.061,-0.071,
1999,11,-0.059,-0.080,
1999,12,-0.145,-0.062,
2000,1,-0.100,-0.053,
2000,2,0.053,-0.047,
2000,3,-0.012,-0.027,
2000,4,-0.031,-0.006,
2000,5,-0.045,-0.025,
2000,6,0.006,-0.030,
2000,7,-0.041,-0.027,
2000,8,-0.037,-0.021,
2000,9,-0.018,-0.037,
2000,10,-0.013,-0.050,
2000,11,-0.078,-0.056,
2000,12,-0.105,-0.064,
2001,1,-0.065,-0.063,
2001,2,-0.059,-0.065,
2001,3,-0.009,-0.047,
2001,4,-0.088,-0.042,
2001,5,-0.012,-0.034,
2001,6,-0.040,-0.042,
2001,7,-0.022,-0.029,
2001,8,-0.048,-0.032,
2001,9,-0.023,-0.024,
2001,10,-0.029,-0.029,
2001,11,0.003,-0.033,
2001,12,-0.048,-0.047,
2002,1,-0.069,-0.054,
2002,2,-0.093,-0.064,
2002,3,-0.063,-0.069,
2002,4,-0.049,-0.067,
2002,5,-0.073,-0.051,
2002,6,-0.057,-0.041,
2002,7,-0.015,-0.031,
2002,8,-0.013,-0.016,
2002,9,0.005,0.004,
2002,10,-0.001,0.028,
2002,11,0.043,0.032,
2002,12,0.103,0.035,
2003,1,0.008,0.018,
2003,2,0.021,0.008,
2003,3,-0.087,-0.021,
2003,4,-0.006,-0.027,
2003,5,-0.041,-0.039,
2003,6,-0.020,-0.019,
2003,7,-0.040,-0.019,
2003,8,0.011,-0.011,
2003,9,-0.007,-0.012,
2003,10,0.002,0.001,
2003,11,-0.026,-0.001,
2003,12,0.024,-0.002,
2004,1,0.004,-0.001,
2004,2,-0.013,-0.006,
2004,3,0.003,-0.018,
2004,4,-0.047,-0.024,
2004,5,-0.035,-0.026,
2004,6,-0.027,-0.030,
2004,7,-0.024,-0.018,
2004,8,-0.019,-0.009,
2004,9,0.016,-0.006,
2004,10,0.007,0.002,
2004,11,-0.009,0.019,
2004,12,0.015,0.025,
2005,1,0.064,0.028,
2005,2,0.046,0.027,
2005,3,0.023,0.030,
2005,4,-0.014,0.014,
2005,5,0.032,0.009,
2005,6,-0.019,0.008,
2005,7,0.021,0.008,
2005,8,0.020,-0.002,
2005,9,-0.012,-0.006,
2005,10,-0.021,-0.010,
2005,11,-0.038,-0.011,
2005,12,0.000,-0.015,
2006,1,0.018,0.000,
2006,2,-0.033,0.045,
2006,3,0.053,0.064,
2006,4,0.189,0.063,
2006,5,0.092,0.076,
2006,6,0.014,0.075,
2006,7,0.033,0.041,
2006,8,0.045,0.030,
2006,9,0.023,0.023,
2006,10,0.034,0.005,
2006,11,-0.022,-0.026,
2006,12,-0.058,-0.049,
2007,1,-0.105,-0.082,
2007,2,-0.096,-0.097,
2007,3,-0.130,-0.100,
2007,4,-0.095,-0.092,
2007,5,-0.076,-0.081,
2007,6,-0.065,-0.061,
2007,7,-0.041,-0.052,
2007,8,-0.030,-0.052,
2007,9,-0.046,-0.055,
2007,10,-0.081,-0.072,
2007,11,-0.076,-0.071,
2007,12,-0.126,-0.077,
2008,1,-0.028,-0.093,
2008,2,-0.074,-0.102,
2008,3,-0.162,-0.088,
2008,4,-0.118,-0.090,
2008,5,-0.056,-0.071,
2008,6,-0.041,-0.032,
2008,7,0.020,-0.004,
2008,8,0.035,-0.002,
2008,9,0.023,-0.001,
2008,10,-0.048,-0.017,
2008,11,-0.036,-0.050,
2008,12,-0.061,-0.061,
2009,1,-0.127,-0.064,
2009,2,-0.033,-0.077,
2009,3,-0.066,-0.071,
2009,4,-0.097,-0.039,
2009,5,-0.033,-0.035,
2009,6,0.035,-0.022,
2009,7,-0.016,-0.004,
2009,8,0.001,0.009,
2009,9,-0.005,-0.004,
2009,10,0.030,0.008,
2009,11,-0.032,0.027,
2009,12,0.045,0.043,
2010,1,0.098,0.031,
2010,2,0.076,0.047,
2010,3,-0.031,0.021,
2010,4,0.047,-0.011,
2010,5,-0.086,-0.033,
2010,6,-0.063,-0.034,
2010,7,-0.032,-0.054,
2010,8,-0.036,-0.047,
2010,9,-0.055,-0.046,
2010,10,-0.052,-0.040,
2010,11,-0.057,-0.045,
2010,12,0.001,-0.045,
2011,1,-0.061,-0.032,
2011,2,-0.058,-0.021,
2011,3,0.013,-0.022,
2011,4,-0.001,-0.006,
2011,5,-0.005,0.009,
2011,6,0.020,0.003,
2011,7,0.019,0.001,
2011,8,-0.017,-0.003,
2011,9,-0.013,-0.016,
2011,10,-0.024,-0.038,
2011,11,-0.044,-0.052,
2011,12,-0.092,-0.073,
2012,1,-0.087,-0.080,
2012,2,-0.118,-0.075,
2012,3,-0.060,-0.063,
2012,4,-0.016,-0.049,
2012,5,-0.034,-0.029,
2012,6,-0.016,
2012,7,-0.020,
2012,10,0.009,
2012,11,0.011,
2012,12,0.046,-0.035,
2013,1,-0.105,-0.056,
2013,2,-0.135,-0.070,
2013,3,-0.098,-0.090,
2013,4,-0.057,-0.074,
2013,5,-0.053,-0.047,
2013,6,-0.027,-0.034,
2013,7,-0.002,-0.026,
2013,8,-0.030,-0.017,
2013,9,-0.018,-0.015,
2013,10,-0.010,-0.027,
2013,11,-0.016,-0.031,
2013,12,-0.063,-0.041,
2014,1,-0.048,-0.040,
2014,2,-0.066,-0.032,
2014,3,-0.005,-0.019,
2014,4,0.023,-0.003,
2014,5,0.003,0.020,
2014,6,0.030,0.028,
2014,7,0.046,0.039,
2014,8,0.035,0.057,
2014,9,0.078,0.058,
2014,10,0.096,0.072,
2014,11,0.033,0.069,
2014,12,0.120,0.058,
2015,1,0.016,0.039,
2015,2,0.027,0.033,
2015,3,0.001,0.018,
2015,4,0.001,0.026,
2015,5,0.046,0.038,
2015,6,0.054,0.046,
2015,7,0.085,0.070,
2015,8,0.043,0.088,
2015,9,0.121,0.088,
2015,10,0.136,0.083,
2015,11,0.052,0.085,
2015,12,0.062,0.058,
2016,1,0.056,0.042,
2016,2,-0.015,0.025,
2016,3,0.056,0.015,
2016,4,-0.032,0.004,
2016,5,0.011,0.006,
2016,6,0.000,0.001,
2016,7,-0.004,0.011,
2016,8,0.031,0.012,
2016,9,0.014,0.017,
2016,10,0.017,0.009,
2016,11,0.026,0.024,
2016,12,-0.044,0.052,
2017,1,0.106,0.057,
2017,2,0.157,0.060,
2017,3,0.042,0.075,
2017,4,0.039,0.059,
2017,5,0.031,0.030,
2017,6,0.028,0.032,
2017,7,0.011,0.033,
2017,8,0.048,0.025,
2017,9,0.047,0.022,
2017,10,-0.010,0.012,
2017,11,0.014,-0.007,
2017,12,-0.041,-0.031,
2018,1,-0.043,-0.028,
2018,2,-0.074,-0.034,
2018,3,0.005,-0.025,
2018,4,-0.015,-0.016,
2018,5,0.001,-0.000,
2018,6,0.001,0.002,
2018,7,0.005,0.007,
2018,8,0.019,0.020,
2018,9,0.008,0.033,
2018,10,0.065,0.035,
2018,11,0.066,0.044,
2018,12,0.017,0.061,
2019,1,0.065,0.069,
2019,2,0.092,0.069,
2019,3,0.103,0.081,
2019,4,0.069,0.079,
2019,5,0.076,0.062,
2019,6,0.057,0.042,
2019,7,0.004,0.032,
2019,8,0.004,0.013,
2019,9,0.021,0.015,
2019,10,-0.021,0.032,
2019,11,0.068,0.020,
2019,12,0.085,0.006,
2020,1,-0.052,0.015,
2020,2,-0.050,-0.001,
2020,3,0.024,-0.017,
2020,4,-0.010,-0.008,
2020,5,0.003,0.006,
2020,6,-0.004,0.004,
2020,7,0.016,0.006,
2020,8,0.015,0.009,
2020,9,0.001,-0.000,
2020,10,0.016,-0.019,
2020,11,-0.050,-0.032,
2020,12,-0.078,-0.058,
2021,1,-0.050,-0.081,
2021,2,-0.128,-0.077,
2021,3,-0.100,-0.066,
2021,4,-0.028,-0.055,
2021,5,-0.026,-0.025,
2021,6,0.009,0.003,
2021,7,0.018,0.008,
2021,8,0.041,0.015,
2021,9,-0.001,0.007,
2021,10,0.010,0.011,
2021,11,-0.032,-0.003,
2021,12,0.036,-0.022,
2022,1,-0.030,-0.038,
2022,2,-0.093,-0.047,
2022,3,-0.069,-0.070,
2022,4,-0.077,-0.069,
2022,5,-0.083,-0.055,
2022,6,-0.020,-0.042,
2022,7,-0.028,-0.021,
2022,8,0.000,-0.006,
2022,9,0.024,-0.009,
2022,10,-0.007,-0.000,
2022,11,-0.037,0.023,
2022,12,0.017,0.009,
2023,1,0.117,0.021,
2023,2,-0.043,0.028,
2023,3,0.049,0.046,
2023,4,0.000,0.038,
2023,5,0.106,0.055,
2023,6,0.077,0.060,
2023,7,0.042,0.070,
2023,8,0.073,0.067,
2023,9,0.054,0.071,
2023,10,0.089,0.081,
2023,11,0.097,
2023,12,0.093,
2024,8,-0.037,
2024,9,-0.021,
2024,10,-0.006,
2024,11,-0.048,
