Interannual variation of monthly mean sea level and the 5-month centered average.
The values are in meters.  The average seasonal cycle and the relative sea level trend have been removed.
Column values are the Year; Month; Interannual Variation; and the 5-month centered average of the Interannual Variation.
Product of NOAAs National Ocean Service / Center for Operational Oceanographic Products and Services (CO-OPS)

Year, Month, Interannual_Variation, Five_Month_Average
1978,5,-0.037,
1978,6,-0.051,
1978,7,-0.035,-0.029,
1978,8,-0.003,-0.016,
1978,9,-0.016,-0.005,
1978,10,0.028,-0.013,
1978,11,0.001,-0.006,
1978,12,-0.076,0.002,
1979,1,0.031,0.003,
1979,2,0.027,0.003,
1979,3,0.030,0.017,
1979,4,0.004,0.004,
1979,5,-0.008,-0.006,
1979,6,-0.031,-0.016,
1979,7,-0.024,-0.016,
1979,8,-0.023,-0.006,
1979,9,0.005,0.003,
1979,10,0.042,0.016,
1979,11,0.016,0.035,
1979,12,0.038,0.065,
1980,1,0.073,0.060,
1980,2,0.154,0.059,
1980,3,0.017,0.049,
1980,4,0.012,0.031,
1980,5,-0.012,-0.003,
1980,6,-0.014,-0.005,
1980,7,-0.018,-0.007,
1980,8,0.009,-0.013,
1980,9,-0.002,-0.023,
1980,10,-0.039,-0.020,
1980,11,-0.065,-0.006,
1980,12,-0.005,-0.011,
1981,1,0.078,-0.002,
1981,2,-0.024,0.008,
1981,3,0.007,0.008,
1981,4,-0.017,-0.018,
1981,5,-0.004,-0.013,
1981,6,-0.052,-0.025,
1981,7,0.002,-0.034,
1981,8,-0.053,-0.035,
1981,9,-0.064,-0.013,
1981,10,-0.007,-0.021,
1981,11,0.059,-0.021,
1981,12,-0.040,-0.016,
1982,1,-0.054,0.006,
1982,2,-0.037,0.010,
1982,3,0.100,0.025,
1982,4,0.080,0.048,
1982,5,0.035,0.052,
1982,6,0.060,0.037,
1982,7,-0.014,0.032,
1982,8,0.023,0.038,
1982,9,0.056,0.068,
1982,10,0.066,0.095,
1982,11,0.211,
1982,12,0.118,
1990,11,-0.039,
1990,12,-0.077,
1991,1,-0.076,-0.034,
1991,2,-0.017,-0.042,
1991,3,0.038,-0.042,
1991,4,-0.079,-0.033,
1991,5,-0.075,-0.031,
1991,6,-0.034,-0.041,
1991,7,-0.003,-0.023,
1991,8,-0.012,-0.005,
1991,9,0.010,-0.005,
1991,10,0.017,-0.002,
1991,11,-0.037,0.009,
1991,12,0.013,0.043,
1992,1,0.042,0.079,
1992,2,0.180,0.103,
1992,3,0.196,0.113,
1992,4,0.082,0.115,
1992,5,0.064,0.085,
1992,6,0.052,0.045,
1992,7,0.029,0.032,
1992,8,-0.004,0.034,
1992,9,0.018,0.023,
1992,10,0.076,0.026,
1992,11,-0.004,0.048,
1992,12,0.043,0.074,
1993,1,0.105,0.070,
1993,2,0.152,0.074,
1993,3,0.052,0.086,
1993,4,0.019,0.069,
1993,5,0.102,0.042,
1993,6,0.021,0.033,
1993,7,0.016,0.029,
1993,8,0.005,0.011,
1993,9,-0.001,0.007,
1993,10,0.011,0.002,
1993,11,0.004,-0.005,
1993,12,-0.010,-0.004,
1994,1,-0.027,-0.009,
1994,2,0.002,-0.016,
1994,3,-0.013,-0.020,
1994,4,-0.034,-0.026,
1994,5,-0.030,-0.028,
1994,6,-0.053,-0.037,
1994,7,-0.012,-0.037,
1994,8,-0.056,-0.037,
1994,9,-0.033,-0.035,
1994,10,-0.031,-0.032,
1994,11,-0.042,0.015,
1994,12,0.002,0.027,
1995,1,0.177,0.061,
1995,2,0.031,0.063,
1995,3,0.140,0.064,
1995,4,-0.035,0.023,
1995,5,0.009,0.017,
1995,6,-0.030,-0.012,
1995,7,-0.002,-0.008,
1995,8,-0.002,-0.014,
1995,9,-0.017,-0.019,
1995,10,-0.021,-0.011,
1995,11,-0.051,-0.022,
1995,12,0.034,0.002,
1996,1,-0.057,0.010,
1996,2,0.105,0.020,
1996,3,0.017,0.012,
1996,4,0.003,0.014,
1996,5,-0.006,-0.006,
1996,6,-0.048,-0.015,
1996,7,0.004,-0.019,
1996,8,-0.029,-0.026,
1996,9,-0.017,-0.029,
1996,10,-0.041,-0.025,
1996,11,-0.060,-0.011,
1996,12,0.022,-0.030,
1997,1,0.040,-0.034,
1997,2,-0.113,-0.032,
1997,3,-0.058,-0.028,
1997,4,-0.050,-0.027,
1997,5,0.039,0.003,
1997,6,0.046,0.029,
1997,7,0.037,0.048,
1997,8,0.072,0.057,
1997,9,0.047,0.095,
1997,10,0.084,0.118,
1997,11,0.236,0.146,
1997,12,0.150,0.193,
1998,1,0.214,0.183,
1998,2,0.279,0.141,
1998,3,0.038,0.122,
1998,4,0.025,0.086,
1998,5,0.052,0.025,
1998,6,0.038,0.015,
1998,7,-0.027,0.012,
1998,8,-0.014,-0.011,
1998,9,0.013,-0.019,
1998,10,-0.068,-0.043,
1998,11,0.002,-0.057,
1998,12,-0.146,-0.073,
1999,1,-0.088,-0.062,
1999,2,-0.066,-0.073,
1999,3,-0.011,-0.059,
1999,4,-0.053,-0.051,
1999,5,-0.079,-0.047,
1999,6,-0.045,-0.057,
1999,7,-0.048,-0.054,
1999,8,-0.060,-0.052,
1999,9,-0.037,-0.051,
1999,10,-0.068,-0.075,
1999,11,-0.042,-0.081,
1999,12,-0.167,-0.055,
2000,1,-0.090,-0.057,
2000,2,0.090,-0.051,
2000,3,-0.078,-0.025,
2000,4,-0.011,-0.001,
2000,5,-0.035,-0.026,
2000,6,0.029,-0.021,
2000,7,-0.035,-0.023,
2000,8,-0.052,-0.021,
2000,9,-0.021,-0.045,
2000,10,-0.026,-0.057,
2000,11,-0.091,-0.055,
2000,12,-0.093,-0.060,
2001,1,-0.042,-0.060,
2001,2,-0.047,-0.056,
2001,3,-0.028,-0.039,
2001,4,-0.071,-0.040,
2001,5,-0.007,-0.036,
2001,6,-0.049,-0.043,
2001,7,-0.027,-0.034,
2001,8,-0.062,-0.041,
2001,9,-0.025,-0.025,
2001,10,-0.039,-0.029,
2001,11,0.026,-0.037,
2001,12,-0.042,-0.048,
2002,1,-0.105,-0.053,
2002,2,-0.082,-0.064,
2002,3,-0.062,-0.070,
2002,4,-0.029,-0.064,
2002,5,-0.073,-0.052,
2002,6,-0.075,-0.045,
2002,7,-0.021,-0.041,
2002,8,-0.026,-0.031,
2002,9,-0.009,-0.006,
2002,10,-0.024,0.028,
2002,11,0.051,0.035,
2002,12,0.148,0.035,
2003,1,0.009,0.022,
2003,2,-0.010,0.019,
2003,3,-0.089,-0.019,
2003,4,0.035,-0.024,
2003,5,-0.041,-0.030,
2003,6,-0.014,-0.009,
2003,7,-0.039,-0.017,
2003,8,0.015,-0.010,
2003,9,-0.004,-0.011,
2003,10,-0.009,0.009,
2003,11,-0.016,0.006,
2003,12,0.056,0.011,
2004,1,0.004,0.005,
2004,2,0.019,0.005,
2004,3,-0.038,-0.010,
2004,4,-0.018,-0.012,
2004,5,-0.015,-0.016,
2004,6,-0.006,-0.011,
2004,7,-0.001,-0.008,
2004,8,-0.014,-0.004,
2004,9,-0.003,-0.004,
2004,10,0.005,0.001,
2004,11,-0.010,0.019,
2004,12,0.026,0.031,
2005,1,0.076,0.041,
2005,2,0.058,0.043,
2005,3,0.056,0.047,
2005,4,-0.001,0.026,
2005,5,0.046,0.015,
2005,6,-0.032,0.005,
2005,7,0.006,-0.003,
2005,8,0.003,-0.020,
2005,9,-0.038,-0.027,
2005,10,-0.042,-0.023,
2005,11,-0.062,-0.034,
2005,12,0.024,-0.039,
2006,1,-0.053,-0.021,
2006,2,-0.062,0.020,
2006,3,0.046,0.020,
2006,4,0.147,0.030,
2006,5,0.020,0.044,
2006,6,-0.003,0.039,
2006,7,0.012,0.008,
2006,8,0.018,0.009,
2006,9,-0.005,0.005,
2006,10,0.021,-0.003,
2006,11,-0.023,-0.034,
2006,12,-0.027,-0.047,
2007,1,-0.136,-0.077,
2007,2,-0.070,-0.084,
2007,3,-0.130,-0.089,
2007,4,-0.057,-0.073,
2007,5,-0.052,-0.066,
2007,6,-0.054,-0.045,
2007,7,-0.037,-0.042,
2007,8,-0.026,-0.046,
2007,9,-0.042,-0.053,
2007,10,-0.072,-0.072,
2007,11,-0.089,-0.070,
2007,12,-0.129,-0.077,
2008,1,-0.016,-0.098,
2008,2,-0.079,-0.099,
2008,3,-0.178,-0.081,
2008,4,-0.092,-0.087,
2008,5,-0.042,-0.067,
2008,6,-0.045,-0.027,
2008,7,0.020,-0.004,
2008,8,0.024,-0.010,
2008,9,0.021,-0.010,
2008,10,-0.068,-0.026,
2008,11,-0.045,-0.061,
2008,12,-0.061,-0.065,
2009,1,-0.154,-0.067,
2009,2,0.002,-0.074,
2009,3,-0.076,-0.066,
2009,4,-0.081,-0.027,
2009,5,-0.021,-0.030,
2009,6,0.043,-0.015,
2009,7,-0.014,-0.003,
2009,8,-0.002,0.002,
2009,9,-0.021,-0.016,
2009,10,0.005,-0.006,
2009,11,-0.047,0.021,
2009,12,0.036,0.043,
2010,1,0.132,0.040,
2010,2,0.091,0.065,
2010,3,-0.014,0.041,
2010,4,0.081,0.003,
2010,5,-0.085,-0.021,
2010,6,-0.060,-0.026,
2010,7,-0.029,-0.055,
2010,8,-0.038,-0.048,
2010,9,-0.065,-0.049,
2010,10,-0.051,-0.040,
2010,11,-0.062,-0.051,
2010,12,0.014,-0.053,
2011,1,-0.091,-0.035,
2011,2,-0.075,-0.028,
2011,3,0.039,-0.034,
2011,4,-0.027,-0.015,
2011,5,-0.015,-0.001,
2011,6,0.005,-0.016,
2011,7,-0.006,-0.018,
2011,8,-0.037,-0.023,
2011,9,-0.037,-0.035,
2011,10,-0.042,-0.058,
2011,11,-0.055,-0.071,
2011,12,-0.120,-0.089,
2012,1,-0.102,-0.087,
2012,2,-0.126,-0.072,
2012,3,-0.032,-0.058,
2012,4,0.019,-0.038,
2012,5,-0.047,-0.017,
2012,6,-0.005,-0.011,
2012,7,-0.021,-0.019,
2012,8,-0.002,-0.010,
2012,9,-0.020,-0.004,
2012,10,-0.001,0.009,
2012,11,0.024,-0.018,
2012,12,0.044,-0.045,
2013,1,-0.139,-0.063,
2013,2,-0.152,-0.076,
2013,3,-0.093,-0.090,
2013,4,-0.041,-0.061,
2013,5,-0.028,-0.026,
2013,6,0.010,-0.011,
2013,7,0.022,-0.005,
2013,8,-0.019,-0.005,
2013,9,-0.011,-0.015,
2013,10,-0.028,-0.039,
2013,11,-0.038,-0.047,
2013,12,-0.100,-0.054,
2014,1,-0.060,-0.042,
2014,2,-0.045,-0.020,
2014,3,0.031,0.004,
2014,4,0.074,0.027,
2014,5,0.021,0.051,
2014,6,0.056,0.057,
2014,7,0.074,0.064,
2014,8,0.061,0.081,
2014,9,0.108,0.080,
2014,10,0.107,0.096,
2014,11,0.053,0.085,
2014,12,0.152,0.073,
2015,1,0.004,0.053,
2015,2,0.047,0.050,
2015,3,0.007,0.036,
2015,4,0.041,0.052,
2015,5,0.081,0.063,
2015,6,0.085,0.073,
2015,7,0.100,0.087,
2015,8,0.059,0.095,
2015,9,0.108,0.084,
2015,10,0.124,0.081,
2015,11,0.027,0.089,
2015,12,0.088,0.065,
2016,1,0.100,0.056,
2016,2,-0.012,0.049,
2016,3,0.078,0.038,
2016,4,-0.008,0.021,
2016,5,0.031,0.022,
2016,6,0.017,0.014,
2016,7,-0.007,0.014,
2016,8,0.036,0.016,
2016,9,-0.010,0.026,
2016,10,0.042,0.018,
2016,11,0.068,0.033,
2016,12,-0.045,0.061,
2017,1,0.108,0.051,
2017,2,0.134,0.047,
2017,3,-0.011,0.059,
2017,4,0.049,0.044,
2017,5,0.014,0.017,
2017,6,0.032,0.029,
2017,7,0.002,0.027,
2017,8,0.049,0.017,
2017,9,0.036,0.018,
2017,10,-0.033,0.005,
2017,11,0.034,-0.008,
2017,12,-0.060,-0.034,
2018,1,-0.018,-0.020,
2018,2,-0.091,-0.024,
2018,3,0.037,-0.006,
2018,4,0.012,0.001,
2018,5,0.030,0.024,
2018,6,0.017,0.022,
2018,7,0.022,0.019,
2018,8,0.027,0.023,
2018,9,-0.003,0.029,
2018,10,0.051,0.030,
2018,11,0.047,0.038,
2018,12,0.030,0.056,
2019,1,0.067,0.060,
2019,2,0.087,0.061,
2019,3,0.070,0.073,
2019,4,0.051,0.068,
2019,5,0.090,0.048,
2019,6,0.040,0.032,
2019,7,-0.011,0.021,
2019,8,-0.012,-0.005,
2019,9,-0.002,-0.004,
2019,10,-0.040,0.016,
2019,11,0.047,0.005,
2019,12,0.087,-0.012,
2020,1,-0.066,0.003,
2020,2,-0.086,-0.006,
2020,3,0.031,-0.017,
2020,4,0.006,-0.002,
2020,5,0.028,0.018,
2020,6,0.010,0.014,
2020,7,0.013,0.013,
2020,8,0.014,0.007,
2020,9,0.001,-0.007,
2020,10,-0.005,-0.028,
2020,11,-0.060,-0.038,
2020,12,-0.091,-0.067,
2021,1,-0.037,-0.086,
2021,2,-0.140,-0.074,
2021,3,-0.099,-0.061,
2021,4,-0.002,-0.047,
2021,5,-0.025,-0.013,
2021,6,0.032,0.015,
2021,7,0.029,0.016,
2021,8,0.042,0.025,
2021,9,0.002,0.012,
2021,10,0.018,0.012,
2021,11,-0.031,-0.007,
2021,12,0.029,-0.032,
2022,1,-0.054,-0.049,
2022,2,-0.123,-0.048,
2022,3,-0.065,-0.064,
2022,4,-0.026,-0.048,
2022,5,-0.050,-0.023,
2022,6,0.023,-0.006,
2022,7,0.005,0.006,
2022,8,0.018,0.016,
2022,9,0.035,0.006,
2022,10,-0.003,0.012,
2022,11,-0.027,0.026,
2022,12,0.036,0.008,
2023,1,0.091,0.013,
2023,2,-0.057,0.017,
2023,3,0.022,0.033,
2023,4,-0.007,0.031,
2023,5,0.118,0.050,
2023,6,0.080,0.061,
2023,7,0.039,0.073,
2023,8,0.074,0.065,
2023,9,0.054,0.068,
2023,10,0.080,0.079,
2023,11,0.090,0.069,
2023,12,0.099,0.083,
2024,1,0.021,0.076,
2024,2,0.122,0.064,
2024,3,0.049,0.043,
2024,4,0.028,0.040,
2024,5,-0.007,0.018,
2024,6,0.006,0.005,
2024,7,0.012,-0.002,
2024,8,-0.016,-0.002,
2024,9,-0.005,-0.004,
2024,10,-0.005,
2024,11,-0.008,
