Interannual variation of monthly mean sea level and the 5-month centered average.
The values are in meters.  The average seasonal cycle and the relative sea level trend have been removed.
Column values are the Year; Month; Interannual Variation; and the 5-month centered average of the Interannual Variation.
Product of NOAAs National Ocean Service / Center for Operational Oceanographic Products and Services (CO-OPS)

Year, Month, Interannual_Variation, Five_Month_Average
1973,1,0.050,
1973,2,-0.025,
1973,3,0.019,-0.049,
1973,4,-0.231,-0.065,
1973,5,-0.058,-0.072,
1973,6,-0.029,-0.094,
1973,7,-0.060,-0.056,
1973,8,-0.091,-0.076,
1973,9,-0.043,-0.074,
1973,10,-0.156,-0.051,
1973,11,-0.020,-0.039,
1973,12,0.058,-0.028,
1974,1,-0.033,
1974,2,0.012,
1974,6,-0.011,
1974,7,0.065,
1974,8,-0.103,
1974,11,-0.036,
1975,1,-0.085,
1975,2,0.020,
1975,4,-0.101,
1975,5,-0.056,
1975,6,-0.097,
1975,8,-0.037,
1975,10,0.111,
1976,3,-0.053,
1976,4,0.011,
1976,5,-0.044,
1976,7,0.073,
1976,8,0.054,
1976,9,0.004,
1976,10,-0.038,
1976,12,-0.093,
1977,1,-0.140,
1977,2,-0.017,-0.094,
1977,3,-0.062,-0.064,
1977,4,-0.157,-0.047,
1977,5,0.057,-0.057,
1977,6,-0.054,-0.036,
1977,7,-0.071,0.010,
1977,8,0.045,0.008,
1977,9,0.073,0.026,
1977,10,0.047,0.065,
1977,11,0.036,0.082,
1977,12,0.123,0.094,
1978,1,0.130,0.080,
1978,2,0.134,0.087,
1978,3,-0.023,0.056,
1978,4,0.071,0.045,
1978,5,-0.033,0.007,
1978,6,0.076,0.011,
1978,7,-0.056,0.012,
1978,8,-0.005,-0.003,
1978,9,0.076,-0.053,
1978,10,-0.106,-0.080,
1978,11,-0.172,-0.114,
1978,12,-0.194,-0.110,
1979,1,-0.172,-0.104,
1979,2,0.095,-0.077,
1979,3,-0.078,-0.049,
1979,4,-0.033,-0.042,
1979,5,-0.057,-0.059,
1979,6,-0.135,-0.048,
1979,7,0.011,-0.030,
1979,8,-0.026,-0.000,
1979,9,0.060,0.014,
1979,10,0.089,0.019,
1979,11,-0.063,0.015,
1979,12,0.038,0.022,
1980,1,-0.051,-0.003,
1980,2,0.098,0.015,
1980,3,-0.036,0.003,
1980,4,0.025,0.018,
1980,5,-0.018,-0.006,
1980,6,0.020,0.002,
1980,7,-0.023,-0.007,
1980,8,0.004,-0.003,
1980,9,-0.019,-0.006,
1980,10,0.002,0.009,
1980,11,0.007,0.011,
1980,12,0.052,0.016,
1981,1,0.013,0.013,
1981,2,0.005,0.015,
1981,3,-0.012,0.009,
1981,4,0.018,0.014,
1981,5,0.021,0.006,
1981,6,0.038,0.008,
1981,7,-0.036,0.006,
1981,8,0.000,0.011,
1981,9,0.005,0.022,
1981,10,0.048,0.047,
1981,11,0.095,0.039,
1981,12,0.088,0.044,
1982,1,-0.042,0.052,
1982,2,0.030,0.050,
1982,3,0.088,0.011,
1982,4,0.088,0.021,
1982,5,-0.108,0.023,
1982,6,0.007,0.009,
1982,7,0.037,0.003,
1982,8,0.021,0.047,
1982,9,0.056,0.071,
1982,10,0.114,0.095,
1982,11,0.125,0.141,
1982,12,0.157,0.195,
1983,1,0.250,0.227,
1983,2,0.330,0.212,
1983,3,0.270,0.189,
1983,4,0.051,0.155,
1983,5,0.042,0.119,
1983,6,0.080,0.084,
1983,7,0.152,0.080,
1983,8,0.094,0.070,
1983,9,0.032,0.095,
1983,10,-0.008,0.049,
1983,11,0.204,-0.002,
1983,12,-0.074,0.001,
1984,1,-0.161,0.006,
1984,2,0.047,-0.027,
1984,3,0.017,0.001,
1984,4,0.035,0.028,
1984,5,0.069,0.006,
1984,6,-0.027,0.004,
1984,7,-0.065,0.002,
1984,8,0.008,0.002,
1984,9,0.025,0.047,
1984,10,0.068,0.040,
1984,11,0.200,0.001,
1984,12,-0.100,-0.042,
1985,1,-0.190,-0.082,
1985,2,-0.189,-0.132,
1985,3,-0.133,-0.120,
1985,4,-0.048,-0.088,
1985,5,-0.042,-0.056,
1985,6,-0.031,-0.036,
1985,7,-0.028,-0.026,
1985,8,-0.032,-0.018,
1985,9,0.003,-0.044,
1985,10,-0.003,-0.073,
1985,11,-0.159,-0.053,
1985,12,-0.173,-0.032,
1986,1,0.066,-0.022,
1986,2,0.110,-0.004,
1986,3,0.049,0.036,
1986,4,-0.072,0.027,
1986,5,0.028,0.002,
1986,6,0.021,-0.015,
1986,7,-0.016,-0.003,
1986,8,-0.035,-0.019,
1986,9,-0.013,-0.035,
1986,10,-0.052,-0.036,
1986,11,-0.057,-0.027,
1986,12,-0.021,-0.016,
1987,1,0.007,0.009,
1987,2,0.042,0.009,
1987,3,0.071,0.020,
1987,4,-0.055,0.008,
1987,5,0.033,0.010,
1987,6,-0.050,-0.014,
1987,7,0.050,-0.013,
1987,8,-0.048,-0.035,
1987,9,-0.049,-0.032,
1987,10,-0.077,-0.036,
1987,11,-0.038,-0.033,
1987,12,0.034,-0.059,
1988,1,-0.035,-0.062,
1988,2,-0.178,-0.053,
1988,3,-0.095,-0.046,
1988,4,0.009,-0.042,
1988,5,0.070,-0.017,
1988,6,-0.017,-0.013,
1988,7,-0.051,-0.032,
1988,8,-0.073,-0.063,
1988,9,-0.089,-0.042,
1988,10,-0.083,-0.064,
1988,11,0.089,-0.079,
1988,12,-0.165,-0.109,
1989,1,-0.149,-0.082,
1989,2,-0.235,-0.105,
1989,3,0.051,-0.074,
1989,4,-0.024,-0.043,
1989,5,-0.013,0.007,
1989,6,0.004,-0.011,
1989,7,0.015,-0.014,
1989,8,-0.037,-0.017,
1989,9,-0.041,-0.040,
1989,10,-0.029,-0.080,
1989,11,-0.109,-0.073,
1989,12,-0.187,-0.063,
1990,1,0.000,-0.077,
1990,2,0.010,-0.065,
1990,3,-0.099,-0.030,
1990,4,-0.050,-0.017,
1990,5,-0.013,-0.018,
1990,6,0.065,0.007,
1990,7,0.006,0.015,
1990,8,0.027,0.018,
1990,9,-0.008,0.008,
1990,10,0.001,-0.019,
1990,11,0.016,-0.053,
1990,12,-0.129,-0.044,
1991,1,-0.143,-0.042,
1991,2,0.035,-0.047,
1991,3,0.011,-0.029,
1991,4,-0.007,-0.015,
1991,5,-0.039,-0.030,
1991,6,-0.073,-0.020,
1991,7,-0.044,-0.029,
1991,8,0.062,-0.039,
1991,9,-0.051,-0.030,
1991,10,-0.088,-0.023,
1991,11,-0.031,-0.014,
1991,12,-0.008,0.033,
1992,1,0.109,0.053,
1992,2,0.180,0.081,
1992,3,0.017,0.075,
1992,4,0.108,0.052,
1992,5,-0.039,0.023,
1992,6,-0.004,0.019,
1992,7,0.033,-0.006,
1992,8,-0.002,0.008,
1992,9,-0.018,-0.005,
1992,10,0.031,-0.014,
1992,11,-0.071,-0.015,
1992,12,-0.011,-0.014,
1993,1,-0.007,-0.014,
1993,2,-0.009,0.040,
1993,3,0.028,0.085,
1993,4,0.199,0.109,
1993,5,0.214,0.120,
1993,6,0.112,0.118,
1993,7,0.048,0.069,
1993,8,0.019,0.017,
1993,9,-0.049,-0.046,
1993,10,-0.045,-0.056,
1993,11,-0.203,-0.070,
1993,12,-0.003,-0.050,
1994,1,-0.051,-0.041,
1994,2,0.051,-0.000,
1994,3,-0.001,0.005,
1994,4,0.002,0.023,
1994,5,0.022,0.009,
1994,6,0.042,0.013,
1994,7,-0.023,0.012,
1994,8,0.019,0.010,
1994,9,0.002,0.009,
1994,10,0.008,0.045,
1994,11,0.038,0.082,
1994,12,0.156,0.089,
1995,1,0.205,0.117,
1995,2,0.037,0.114,
1995,3,0.151,0.082,
1995,4,0.021,0.046,
1995,5,-0.002,0.051,
1995,6,0.021,0.027,
1995,7,0.066,0.033,
1995,8,0.031,0.035,
1995,9,0.049,0.039,
1995,10,0.009,0.055,
1995,11,0.040,0.052,
1995,12,0.144,0.070,
1996,1,0.018,0.052,
1996,2,0.141,0.078,
1996,3,-0.083,0.051,
1996,4,0.170,0.034,
1996,5,0.007,0.004,
1996,6,-0.066,0.016,
1996,7,-0.009,-0.020,
1996,8,-0.025,-0.015,
1996,9,-0.006,-0.015,
1996,10,0.029,0.016,
1996,11,-0.063,0.035,
1996,12,0.142,0.025,
1997,1,0.072,0.036,
1997,2,-0.055,0.048,
1997,3,0.081,0.040,
1997,4,-0.002,0.060,
1997,5,0.104,0.085,
1997,6,0.172,0.099,
1997,7,0.068,0.141,
1997,8,0.153,0.162,
1997,9,0.207,0.170,
1997,10,0.209,0.178,
1997,11,0.212,0.213,
1997,12,0.109,0.250,
1998,1,0.327,0.216,
1998,2,0.393,0.172,
1998,3,0.038,0.166,
1998,4,-0.004,0.106,
1998,5,0.079,0.035,
1998,6,0.027,0.019,
1998,7,0.034,0.013,
1998,8,-0.041,-0.006,
1998,9,-0.037,0.029,
1998,10,-0.013,0.022,
1998,11,0.202,0.031,
1998,12,-0.003,0.096,
1999,1,0.006,0.128,
1999,2,0.286,0.065,
1999,3,0.151,0.054,
1999,4,-0.118,0.053,
1999,5,-0.053,-0.010,
1999,6,-0.003,-0.043,
1999,7,-0.029,-0.043,
1999,8,-0.011,-0.054,
1999,9,-0.118,-0.042,
1999,10,-0.109,-0.048,
1999,11,0.059,-0.054,
1999,12,-0.062,-0.015,
2000,1,-0.041,-0.005,
2000,2,0.080,-0.027,
2000,3,-0.062,-0.000,
2000,4,-0.048,0.012,
2000,5,0.070,-0.003,
2000,6,0.020,0.001,
2000,7,0.004,0.006,
2000,8,-0.043,-0.006,
2000,9,-0.021,-0.039,
2000,10,0.012,-0.067,
2000,11,-0.149,-0.072,
2000,12,-0.135,-0.091,
2001,1,-0.067,-0.108,
2001,2,-0.119,-0.085,
2001,3,-0.073,-0.068,
2001,4,-0.031,-0.064,
2001,5,-0.049,-0.052,
2001,6,-0.048,-0.034,
2001,7,-0.061,-0.034,
2001,8,0.020,-0.034,
2001,9,-0.033,-0.007,
2001,10,-0.048,0.024,
2001,11,0.086,0.023,
2001,12,0.093,0.019,
2002,1,0.019,0.012,
2002,2,-0.054,-0.022,
2002,3,-0.083,-0.057,
2002,4,-0.087,-0.065,
2002,5,-0.079,-0.062,
2002,6,-0.020,-0.058,
2002,7,-0.039,-0.049,
2002,8,-0.066,-0.063,
2002,9,-0.041,-0.055,
2002,10,-0.150,-0.002,
2002,11,0.021,0.029,
2002,12,0.224,0.018,
2003,1,0.092,0.061,
2003,2,-0.097,0.087,
2003,3,0.066,0.041,
2003,4,0.150,0.016,
2003,5,-0.006,0.034,
2003,6,-0.031,0.027,
2003,7,-0.011,-0.009,
2003,8,0.034,0.011,
2003,9,-0.034,0.016,
2003,10,0.098,0.044,
2003,11,-0.010,0.048,
2003,12,0.133,0.070,
2004,1,0.053,0.040,
2004,2,0.074,0.038,
2004,3,-0.048,0.020,
2004,4,-0.021,0.015,
2004,5,0.040,0.007,
2004,6,0.029,0.029,
2004,7,0.034,0.047,
2004,8,0.066,0.048,
2004,9,0.065,0.018,
2004,10,0.049,0.002,
2004,11,-0.121,-0.008,
2004,12,-0.048,-0.040,
2005,1,0.014,-0.042,
2005,2,-0.095,-0.002,
2005,3,0.043,0.041,
2005,4,0.077,0.050,
2005,5,0.168,0.077,
2005,6,0.056,0.065,
2005,7,0.040,0.034,
2005,8,-0.019,0.012,
2005,9,-0.079,-0.012,
2005,10,0.059,-0.015,
2005,11,-0.060,0.030,
2005,12,0.021,0.025,
2006,1,0.210,0.037,
2006,2,-0.105,0.072,
2006,3,0.120,0.063,
2006,4,0.114,0.024,
2006,5,-0.023,0.044,
2006,6,0.012,0.014,
2006,7,-0.001,-0.020,
2006,8,-0.034,-0.037,
2006,9,-0.051,-0.010,
2006,10,-0.108,-0.000,
2006,11,0.146,-0.019,
2006,12,0.048,-0.008,
2007,1,-0.130,-0.008,
2007,2,0.003,-0.038,
2007,3,-0.104,-0.070,
2007,4,-0.006,-0.053,
2007,5,-0.113,-0.052,
2007,6,-0.044,-0.033,
2007,7,0.006,-0.044,
2007,8,-0.010,-0.012,
2007,9,-0.058,-0.028,
2007,10,0.044,-0.022,
2007,11,-0.122,-0.014,
2007,12,0.035,-0.007,
2008,1,0.029,-0.034,
2008,2,-0.022,-0.026,
2008,3,-0.093,-0.045,
2008,4,-0.082,-0.059,
2008,5,-0.057,-0.051,
2008,6,-0.043,-0.012,
2008,7,0.020,-0.006,
2008,8,0.102,-0.012,
2008,9,-0.052,-0.008,
2008,10,-0.088,-0.030,
2008,11,-0.022,-0.088,
2008,12,-0.088,-0.095,
2009,1,-0.191,-0.093,
2009,2,-0.085,-0.113,
2009,3,-0.078,-0.093,
2009,4,-0.122,-0.043,
2009,5,0.011,-0.023,
2009,6,0.057,0.002,
2009,7,0.020,0.036,
2009,8,0.043,0.044,
2009,9,0.051,0.060,
2009,10,0.049,0.048,
2009,11,0.136,
2009,12,-0.037,
2010,2,0.070,
2010,3,0.040,
2010,4,0.099,0.032,
2010,5,-0.023,0.002,
2010,6,-0.025,-0.018,
2010,7,-0.082,-0.044,
2010,8,-0.061,-0.039,
2010,9,-0.029,-0.044,
2010,10,-0.001,-0.009,
2010,11,-0.047,-0.019,
2010,12,0.091,-0.035,
2011,1,-0.109,0.000,
2011,2,-0.107,0.013,
2011,3,0.172,-0.003,
2011,4,0.018,0.020,
2011,5,0.010,0.039,
2011,6,0.005,-0.009,
2011,7,-0.010,-0.018,
2011,8,-0.066,-0.026,
2011,9,-0.028,-0.032,
2011,10,-0.030,-0.084,
2011,11,-0.025,-0.081,
2011,12,-0.271,-0.093,
2012,1,-0.052,-0.067,
2012,2,-0.087,-0.041,
2012,3,0.102,0.003,
2012,4,0.107,0.020,
2012,5,-0.055,0.037,
2012,6,0.031,0.012,
2012,7,0.000,-0.027,
2012,8,-0.024,-0.016,
2012,9,-0.087,-0.010,
2012,10,0.000,0.018,
2012,11,0.058,-0.018,
2012,12,0.142,-0.036,
2013,1,-0.203,-0.071,
2013,2,-0.177,-0.106,
2013,3,-0.177,-0.146,
2013,4,-0.116,-0.108,
2013,5,-0.060,-0.085,
2013,6,-0.009,-0.050,
2013,7,-0.066,-0.004,
2013,8,0.003,-0.011,
2013,9,0.112,-0.039,
2013,10,-0.093,-0.084,
2013,11,-0.152,-0.117,
2013,12,-0.289,-0.150,
2014,1,-0.163,-0.124,
2014,2,-0.051,-0.080,
2014,3,0.038,-0.009,
2014,4,0.065,0.018,
2014,5,0.068,0.036,
2014,6,-0.027,0.028,
2014,7,0.039,0.030,
2014,8,-0.007,
2014,9,0.078,
2015,3,-0.082,
2015,4,-0.063,
2015,5,-0.070,-0.043,
2015,6,-0.072,-0.019,
2015,7,0.073,0.001,
2015,8,0.038,0.029,
2015,9,0.037,0.034,
2015,10,0.071,0.060,
2015,11,-0.048,0.076,
2015,12,0.204,0.072,
2016,1,0.119,0.090,
2016,2,0.013,0.090,
2016,3,0.162,0.028,
2016,4,-0.047,-0.010,
2016,5,-0.105,-0.023,
2016,6,-0.074,-0.060,
2016,7,-0.048,-0.059,
2016,8,-0.024,0.006,
2016,9,-0.044,0.064,
2016,10,0.218,0.055,
2016,11,0.219,0.056,
2016,12,-0.096,0.085,
2017,1,-0.017,0.056,
2017,2,0.100,0.037,
2017,3,0.073,0.055,
2017,4,0.125,0.068,
2017,5,-0.007,0.037,
2017,6,0.046,0.022,
2017,7,-0.054,-0.002,
2017,8,0.001,-0.013,
2017,9,0.005,-0.004,
2017,10,-0.064,-0.031,
2017,11,0.090,-0.019,
2017,12,-0.185,-0.058,
2018,1,0.058,-0.051,
2018,2,-0.190,-0.060,
2018,3,-0.027,-0.031,
2018,4,0.042,-0.046,
2018,5,-0.040,-0.013,
2018,6,-0.016,-0.007,
2018,7,-0.025,-0.022,
2018,8,0.003,-0.010,
2018,9,-0.031,-0.022,
2018,10,0.021,-0.004,
2018,11,-0.077,0.003,
2018,12,0.063,0.014,
2019,1,0.039,-0.002,
2019,2,0.026,0.022,
2019,3,-0.063,0.018,
2019,4,0.048,-0.006,
2019,5,0.041,-0.006,
2019,6,-0.084,0.008,
2019,7,0.028,0.016,
2019,8,0.007,-0.005,
2019,9,0.085,-0.019,
2019,10,-0.062,-0.019,
2019,11,-0.153,0.010,
2019,12,0.027,-0.030,
2020,1,0.150,-0.038,
2020,2,-0.111,-0.024,
2020,3,-0.106,-0.012,
2020,4,-0.083,-0.038,
2020,5,0.089,-0.015,
2020,6,0.019,0.004,
2020,7,0.008,0.029,
2020,8,-0.014,-0.002,
2020,9,0.042,-0.008,
2020,10,-0.064,-0.015,
2020,11,-0.013,0.004,
2020,12,-0.027,-0.018,
2021,1,0.085,-0.023,
2021,2,-0.071,-0.050,
2021,3,-0.090,-0.063,
2021,4,-0.148,-0.071,
2021,5,-0.093,-0.061,
2021,6,0.047,-0.044,
2021,7,-0.020,-0.013,
2021,8,-0.006,0.028,
2021,9,0.005,0.027,
2021,10,0.114,0.045,
2021,11,0.038,0.040,
2021,12,0.071,-0.010,
2022,1,-0.031,-0.048,
2022,2,-0.242,-0.055,
2022,3,-0.076,-0.059,
2022,4,0.002,-0.033,
2022,5,0.052,0.020,
2022,6,0.098,0.041,
2022,7,0.025,0.041,
2022,8,0.029,0.019,
2022,9,0.002,-0.021,
2022,10,-0.057,-0.018,
2022,11,-0.102,-0.004,
2022,12,0.037,-0.019,
2023,1,0.099,-0.009,
2023,2,-0.071,0.031,
2023,3,-0.005,0.035,
2023,4,0.096,0.010,
2023,5,0.058,0.026,
2023,6,-0.029,0.038,
2023,7,0.011,0.033,
2023,8,0.055,0.033,
2023,9,0.068,0.037,
2023,10,0.060,0.057,
2023,11,-0.010,0.067,
2023,12,0.112,0.076,
2024,1,0.105,0.084,
2024,2,0.113,0.070,
2024,3,0.097,0.032,
2024,4,-0.078,0.007,
2024,5,-0.077,-0.022,
2024,6,-0.019,-0.036,
2024,7,-0.032,-0.026,
2024,8,0.027,-0.014,
2024,9,-0.030,0.004,
2024,10,-0.014,
2024,11,0.069,
