Interannual variation of monthly mean sea level and the 5-month centered average.
The values are in meters.  The average seasonal cycle and the relative sea level trend have been removed.
Column values are the Year; Month; Interannual Variation; and the 5-month centered average of the Interannual Variation.
Product of NOAAs National Ocean Service / Center for Operational Oceanographic Products and Services (CO-OPS)

Year, Month, Interannual_Variation, Five_Month_Average
1924,5,-0.029,
1924,6,-0.096,
1924,7,-0.045,-0.043,
1924,8,-0.045,-0.030,
1924,9,-0.001,-0.015,
1924,10,0.036,-0.028,
1924,11,-0.020,-0.025,
1924,12,-0.110,-0.017,
1925,1,-0.030,-0.028,
1925,2,0.037,-0.023,
1925,3,-0.015,0.004,
1925,4,0.001,0.015,
1925,5,0.028,0.014,
1925,6,0.023,0.015,
1925,7,0.033,-0.006,
1925,8,-0.012,-0.039,
1925,9,-0.103,-0.042,
1925,10,-0.135,-0.034,
1925,11,0.007,
1925,12,0.073,
1926,5,0.165,
1926,6,0.016,
1926,7,0.063,0.026,
1926,8,-0.003,
1926,9,-0.109,
1928,6,-0.065,
1928,7,-0.054,
1928,8,-0.029,
1938,1,0.035,
1938,2,0.065,
1938,3,0.067,0.021,
1938,4,0.011,0.009,
1938,5,-0.072,-0.010,
1938,6,-0.025,-0.042,
1938,7,-0.030,-0.044,
1938,8,-0.094,-0.021,
1938,9,-0.001,-0.033,
1938,10,0.043,-0.035,
1938,11,-0.084,-0.013,
1938,12,-0.040,-0.035,
1939,1,0.016,-0.061,
1939,2,-0.112,-0.057,
1939,3,-0.088,-0.046,
1939,4,-0.062,-0.059,
1939,5,0.016,-0.031,
1939,6,-0.047,-0.014,
1939,7,0.024,-0.003,
1939,8,0.001,-0.010,
1939,9,-0.008,0.012,
1939,10,-0.019,0.052,
1939,11,0.060,0.065,
1939,12,0.225,0.090,
1940,1,0.068,0.114,
1940,2,0.115,0.101,
1940,3,0.103,0.064,
1940,4,-0.005,0.054,
1940,5,0.040,0.037,
1940,6,0.016,0.031,
1940,7,0.030,0.044,
1940,8,0.076,0.056,
1940,9,0.058,0.048,
1940,10,0.099,0.074,
1940,11,-0.024,0.086,
1940,12,0.160,0.085,
1941,1,0.134,0.085,
1941,2,0.057,0.104,
1941,3,0.099,0.085,
1941,4,0.067,0.063,
1941,5,0.066,0.057,
1941,6,0.025,0.034,
1941,7,0.026,0.023,
1941,8,-0.013,0.011,
1941,9,0.010,0.017,
1941,10,0.010,0.023,
1941,11,0.051,0.047,
1941,12,0.057,0.050,
1942,1,0.109,0.053,
1942,2,0.023,0.066,
1942,3,0.025,0.064,
1942,4,0.116,0.039,
1942,5,0.048,0.034,
1942,6,-0.016,0.019,
1942,7,-0.005,-0.024,
1942,8,-0.047,-0.027,
1942,9,-0.101,-0.027,
1942,10,0.033,-0.031,
1942,11,-0.016,-0.042,
1942,12,-0.024,-0.032,
1943,1,-0.105,-0.058,
1943,2,-0.047,-0.048,
1943,3,-0.097,-0.054,
1943,4,0.033,-0.038,
1943,5,-0.054,-0.027,
1943,6,-0.025,-0.002,
1943,7,0.009,-0.010,
1943,8,0.026,0.010,
1943,9,-0.005,0.025,
1943,10,0.046,0.027,
1943,11,0.047,0.048,
1943,12,0.022,0.028,
1944,1,0.132,0.009,
1944,2,-0.106,0.005,
1944,3,-0.049,0.001,
1944,4,0.029,-0.031,
1944,5,0.001,-0.013,
1944,6,-0.029,-0.010,
1944,7,-0.018,-0.026,
1944,8,-0.033,-0.030,
1944,9,-0.050,-0.011,
1944,10,-0.020,-0.028,
1944,11,0.066,-0.015,
1944,12,-0.104,-0.011,
1945,1,0.031,0.009,
1945,2,-0.028,-0.021,
1945,3,0.079,-0.004,
1945,4,-0.084,-0.014,
1945,5,-0.021,0.004,
1945,6,-0.014,-0.028,
1945,7,0.060,-0.022,
1945,8,-0.083,-0.027,
1945,9,-0.055,-0.027,
1945,10,-0.041,-0.035,
1945,11,-0.015,-0.022,
1945,12,0.018,0.000,
1946,1,-0.015,0.018,
1946,2,0.054,0.029,
1946,3,0.047,0.017,
1946,4,0.044,0.020,
1946,5,-0.043,0.019,
1946,6,0.000,0.005,
1946,7,0.048,0.006,
1946,8,-0.025,0.003,
1946,9,0.049,-0.028,
1946,10,-0.057,-0.055,
1946,11,-0.152,-0.076,
1946,12,-0.090,-0.107,
1947,1,-0.129,-0.111,
1947,2,-0.105,-0.092,
1947,3,-0.081,-0.081,
1947,4,-0.055,-0.052,
1947,5,-0.034,-0.025,
1947,6,0.018,-0.014,
1947,7,0.028,-0.008,
1947,8,-0.026,0.030,
1947,9,-0.028,0.010,
1947,10,0.159,0.013,
1947,11,-0.083,0.022,
1947,12,0.040,0.015,
1948,1,0.020,-0.023,
1948,2,-0.060,-0.012,
1948,3,-0.033,-0.015,
1948,4,-0.025,-0.028,
1948,5,0.026,-0.018,
1948,6,-0.050,-0.014,
1948,7,-0.005,-0.000,
1948,8,-0.014,-0.002,
1948,9,0.042,0.018,
1948,10,0.018,0.013,
1948,11,0.051,-0.014,
1948,12,-0.030,-0.025,
1949,1,-0.151,-0.030,
1949,2,-0.012,-0.033,
1949,3,-0.007,-0.026,
1949,4,0.035,0.009,
1949,5,0.004,0.009,
1949,6,0.025,0.017,
1949,7,-0.015,0.008,
1949,8,0.034,-0.004,
1949,9,-0.011,0.005,
1949,10,-0.052,-0.015,
1949,11,0.071,-0.078,
1949,12,-0.119,-0.066,
1950,1,-0.277,-0.060,
1950,2,0.046,-0.076,
1950,3,-0.022,-0.057,
1950,4,-0.007,-0.008,
1950,5,-0.027,-0.014,
1950,6,-0.029,-0.004,
1950,7,0.017,-0.004,
1950,8,0.025,0.016,
1950,9,-0.005,0.006,
1950,10,0.072,0.003,
1950,11,-0.079,-0.012,
1950,12,0.003,-0.026,
1951,1,-0.052,-0.059,
1951,2,-0.074,-0.066,
1951,3,-0.093,-0.074,
1951,4,-0.112,-0.078,
1951,5,-0.040,-0.069,
1951,6,-0.070,-0.064,
1951,7,-0.029,-0.050,
1951,8,-0.068,-0.050,
1951,9,-0.043,-0.029,
1951,10,-0.042,-0.047,
1951,11,0.037,-0.027,
1951,12,-0.120,-0.018,
1952,1,0.033,-0.018,
1952,2,0.002,-0.026,
1952,3,-0.044,-0.009,
1952,4,-0.003,-0.017,
1952,5,-0.035,-0.033,
1952,6,-0.003,-0.036,
1952,7,-0.078,-0.037,
1952,8,-0.062,-0.045,
1952,9,-0.007,-0.049,
1952,10,-0.076,0.008,
1952,11,-0.022,0.033,
1952,12,0.209,0.031,
1953,1,0.063,0.054,
1953,2,-0.017,0.055,
1953,3,0.037,0.022,
1953,4,-0.016,0.001,
1953,5,0.042,-0.002,
1953,6,-0.041,-0.007,
1953,7,-0.030,0.000,
1953,8,0.010,0.009,
1953,9,0.020,0.043,
1953,10,0.085,0.055,
1953,11,0.130,0.052,
1953,12,0.031,0.058,
1954,1,-0.008,0.022,
1954,2,0.049,-0.015,
1954,3,-0.091,-0.030,
1954,4,-0.059,-0.012,
1954,5,-0.042,-0.016,
1954,6,0.084,-0.010,
1954,7,0.030,-0.008,
1954,8,-0.064,-0.004,
1954,9,-0.048,-0.000,
1954,10,-0.022,0.017,
1954,11,0.102,0.033,
1954,12,0.119,0.031,
1955,1,0.016,0.014,
1955,2,-0.058,-0.001,
1955,3,-0.110,-0.030,
1955,4,0.029,-0.039,
1955,5,-0.028,-0.038,
1955,6,-0.030,-0.020,
1955,7,-0.052,-0.042,
1955,8,-0.021,-0.034,
1955,9,-0.081,-0.050,
1955,10,0.014,-0.058,
1955,11,-0.109,-0.054,
1955,12,-0.095,-0.058,
1956,1,0.003,-0.076,
1956,2,-0.105,-0.075,
1956,3,-0.074,-0.067,
1956,4,-0.106,-0.058,
1956,5,-0.052,-0.044,
1956,6,0.046,-0.029,
1956,7,-0.035,-0.022,
1956,8,0.002,-0.014,
1956,9,-0.070,-0.043,
1956,10,-0.014,-0.048,
1956,11,-0.101,-0.106,
1956,12,-0.060,-0.119,
1957,1,-0.284,-0.122,
1957,2,-0.135,-0.118,
1957,3,-0.029,-0.106,
1957,4,-0.082,-0.046,
1957,5,0.002,-0.012,
1957,6,0.012,-0.004,
1957,7,0.035,0.009,
1957,8,0.014,-0.006,
1957,9,-0.015,-0.012,
1957,10,-0.076,-0.001,
1957,11,-0.015,0.027,
1957,12,0.090,0.067,
1958,1,0.154,0.070,
1958,2,0.181,0.074,
1958,3,-0.061,0.056,
1958,4,0.006,0.013,
1958,5,-0.001,-0.038,
1958,6,-0.059,-0.013,
1958,7,-0.076,-0.014,
1958,8,0.062,-0.009,
1958,9,0.002,0.007,
1958,10,0.025,0.028,
1958,11,0.020,0.020,
1958,12,0.031,0.018,
1959,1,0.022,0.026,
1959,2,-0.009,0.011,
1959,3,0.064,-0.003,
1959,4,-0.055,0.000,
1959,5,-0.039,0.008,
1959,6,0.041,0.000,
1959,7,0.027,0.016,
1959,8,0.028,0.011,
1959,9,0.023,-0.014,
1959,10,-0.065,-0.005,
1959,11,-0.083,-0.010,
1959,12,0.073,-0.009,
1960,1,0.004,0.007,
1960,2,0.027,0.040,
1960,3,0.014,0.039,
1960,4,0.084,0.041,
1960,5,0.068,0.034,
1960,6,0.010,0.029,
1960,7,-0.007,0.002,
1960,8,-0.012,-0.009,
1960,9,-0.048,-0.003,
1960,10,0.013,-0.005,
1960,11,0.037,0.014,
1960,12,-0.016,0.052,
1961,1,0.082,0.079,
1961,2,0.143,0.065,
1961,3,0.148,0.069,
1961,4,-0.030,0.065,
1961,5,0.003,0.030,
1961,6,0.062,0.001,
1961,7,-0.032,-0.005,
1961,8,0.003,-0.012,
1961,9,-0.061,-0.037,
1961,10,-0.032,-0.041,
1961,11,-0.064,-0.061,
1961,12,-0.050,-0.073,
1962,1,-0.098,-0.086,
1962,2,-0.120,-0.072,
1962,3,-0.099,-0.072,
1962,4,0.009,-0.057,
1962,5,-0.052,-0.045,
1962,6,-0.022,-0.030,
1962,7,-0.063,-0.025,
1962,8,-0.020,-0.000,
1962,9,0.030,0.027,
1962,10,0.073,0.045,
1962,11,0.116,0.007,
1962,12,0.028,0.020,
1963,1,-0.212,-0.007,
1963,2,0.092,-0.024,
1963,3,-0.060,-0.020,
1963,4,0.030,0.028,
1963,5,0.047,0.016,
1963,6,0.030,0.021,
1963,7,0.034,0.041,
1963,8,-0.039,0.076,
1963,9,0.130,0.097,
1963,10,0.226,0.101,
1963,11,0.133,0.136,
1963,12,0.053,0.098,
1964,1,0.139,0.045,
1964,2,-0.060,0.002,
1964,3,-0.040,-0.021,
1964,4,-0.083,-0.050,
1964,5,-0.059,-0.025,
1964,6,-0.005,-0.004,
1964,7,0.064,0.005,
1964,8,0.065,0.016,
1964,9,-0.041,0.011,
1964,10,-0.004,-0.005,
1964,11,-0.029,-0.022,
1964,12,-0.015,-0.024,
1965,1,-0.021,-0.057,
1965,2,-0.052,-0.055,
1965,3,-0.168,-0.069,
1965,4,-0.020,-0.071,
1965,5,-0.082,-0.066,
1965,6,-0.032,-0.039,
1965,7,-0.025,-0.059,
1965,8,-0.034,-0.025,
1965,9,-0.124,-0.019,
1965,10,0.090,-0.009,
1965,11,-0.002,-0.009,
1965,12,0.026,0.011,
1966,1,-0.033,0.011,
1966,2,-0.025,-0.006,
1966,3,0.090,-0.007,
1966,4,-0.087,0.003,
1966,5,0.021,-0.002,
1966,6,0.016,-0.019,
1966,7,-0.050,0.012,
1966,8,0.006,0.015,
1966,9,0.068,0.000,
1966,10,0.038,0.024,
1966,11,-0.060,0.028,
1966,12,0.069,0.022,
1967,1,0.024,0.002,
1967,2,0.041,0.001,
1967,3,-0.063,-0.014,
1967,4,-0.067,-0.029,
1967,5,-0.007,-0.035,
1967,6,-0.049,-0.023,
1967,7,0.010,0.016,
1967,8,-0.001,0.036,
1967,9,0.124,0.033,
1967,10,0.095,0.024,
1967,11,-0.064,0.013,
1967,12,-0.033,-0.005,
1968,1,-0.056,-0.009,
1968,2,0.032,0.000,
1968,3,0.074,0.004,
1968,4,-0.015,0.021,
1968,5,-0.017,0.017,
1968,6,0.030,0.011,
1968,7,0.012,0.030,
1968,8,0.044,0.055,
1968,9,0.079,0.076,
1968,10,0.110,0.076,
1968,11,0.137,0.060,
1968,12,0.013,0.062,
1969,1,-0.038,0.028,
1969,2,0.089,0.033,
1969,3,-0.061,0.040,
1969,4,0.164,0.050,
1969,5,0.044,0.039,
1969,6,0.013,0.069,
1969,7,0.037,0.053,
1969,8,0.086,0.046,
1969,9,0.084,0.065,
1969,10,0.011,0.092,
1969,11,0.105,0.088,
1969,12,0.174,0.081,
1970,1,0.067,0.086,
1970,2,0.046,0.063,
1970,3,0.036,0.036,
1970,4,-0.008,0.028,
1970,5,0.037,0.029,
1970,6,0.029,0.027,
1970,7,0.051,0.028,
1970,8,0.028,0.022,
1970,9,-0.003,0.010,
1970,10,0.005,-0.001,
1970,11,-0.033,-0.032,
1970,12,-0.003,-0.048,
1971,1,-0.125,-0.042,
1971,2,-0.086,-0.026,
1971,3,0.035,-0.031,
1971,4,0.050,-0.006,
1971,5,-0.027,0.003,
1971,6,-0.003,0.009,
1971,7,-0.041,0.006,
1971,8,0.066,0.000,
1971,9,0.034,-0.003,
1971,10,-0.054,-0.016,
1971,11,-0.021,-0.060,
1971,12,-0.105,-0.069,
1972,1,-0.153,-0.054,
1972,2,-0.010,-0.042,
1972,3,0.017,-0.024,
1972,4,0.040,0.015,
1972,5,-0.016,0.017,
1972,6,0.046,0.021,
1972,7,-0.002,0.009,
1972,8,0.036,-0.009,
1972,9,-0.019,-0.011,
1972,10,-0.106,-0.016,
1972,11,0.036,-0.013,
1972,12,-0.026,-0.009,
1973,1,0.048,0.020,
1973,2,0.004,
1973,3,0.040,
1973,9,-0.037,
1973,10,-0.009,
1973,11,-0.098,-0.045,
1973,12,0.034,-0.032,
1974,1,-0.115,-0.029,
1974,2,0.028,-0.003,
1974,3,0.007,-0.004,
1974,4,0.029,0.026,
1974,5,0.032,0.021,
1974,6,0.036,0.006,
1974,7,0.003,-0.017,
1974,8,-0.070,-0.028,
1974,9,-0.087,-0.030,
1974,10,-0.022,-0.012,
1974,11,0.026,-0.012,
1974,12,0.091,0.008,
1975,1,-0.066,0.005,
1975,2,0.009,-0.016,
1975,3,-0.037,-0.042,
1975,4,-0.075,-0.041,
1975,5,-0.043,-0.042,
1975,6,-0.060,-0.034,
1975,7,0.002,-0.036,
1975,8,0.006,-0.026,
1975,9,-0.087,-0.016,
1975,10,0.008,-0.035,
1975,11,-0.011,-0.039,
1975,12,-0.092,-0.022,
1976,1,-0.012,-0.022,
1976,2,-0.001,-0.012,
1976,3,0.008,0.026,
1976,4,0.037,0.034,
1976,5,0.098,0.063,
1976,6,0.027,0.081,
1976,7,0.142,0.098,
1976,8,0.100,0.077,
1976,9,0.123,0.070,
1976,10,-0.007,0.047,
1976,11,-0.009,0.012,
1976,12,0.026,0.017,
1977,1,-0.074,0.024,
1977,2,0.149,0.019,
1977,3,0.026,0.019,
1977,4,-0.030,0.038,
1977,5,0.026,0.014,
1977,6,0.021,0.013,
1977,7,0.025,0.026,
1977,8,0.021,0.040,
1977,9,0.037,0.040,
1977,10,0.098,0.023,
1977,11,0.019,0.016,
1977,12,-0.059,0.024,
1978,1,-0.016,0.009,
1978,2,0.080,0.003,
1978,3,0.019,0.015,
1978,4,-0.009,0.002,
1978,5,-0.001,-0.030,
1978,6,-0.080,-0.033,
1978,7,-0.078,-0.017,
1978,8,0.004,-0.014,
1978,9,0.069,-0.017,
1978,10,0.012,-0.025,
1978,11,-0.092,-0.044,
1978,12,-0.121,-0.058,
1979,1,-0.090,-0.063,
1979,2,0.001,-0.063,
1979,3,-0.012,-0.044,
1979,4,-0.093,-0.037,
1979,5,-0.026,-0.034,
1979,6,-0.056,-0.040,
1979,7,0.018,-0.016,
1979,8,-0.042,-0.003,
1979,9,0.025,0.007,
1979,10,0.042,0.009,
1979,11,-0.008,0.010,
1979,12,0.028,0.017,
1980,1,-0.036,0.010,
1980,2,0.061,0.034,
1980,3,0.005,0.027,
1980,4,0.111,0.025,
1980,5,-0.005,0.012,
1980,6,-0.045,0.005,
1980,7,-0.006,-0.022,
1980,8,-0.030,-0.016,
1980,9,-0.026,0.006,
1980,10,0.029,0.003,
1980,11,0.062,0.035,
1980,12,-0.022,0.046,
1981,1,0.131,0.053,
1981,2,0.031,0.045,
1981,3,0.063,0.059,
1981,4,0.022,0.048,
1981,5,0.046,0.030,
1981,6,0.077,0.016,
1981,7,-0.059,0.030,
1981,8,-0.006,0.017,
1981,9,0.091,0.025,
1981,10,-0.017,0.042,
1981,11,0.116,0.024,
1981,12,0.024,-0.011,
1982,1,-0.095,-0.013,
1982,2,-0.080,-0.031,
1982,3,-0.029,-0.039,
1982,4,0.028,-0.030,
1982,5,-0.018,-0.017,
1982,6,-0.052,-0.019,
1982,7,-0.011,-0.026,
1982,8,-0.041,-0.019,
1982,9,-0.009,-0.007,
1982,10,0.019,0.001,
1982,11,0.009,0.048,
1982,12,0.029,0.102,
1983,1,0.191,0.122,
1983,2,0.260,0.124,
1983,3,0.123,0.127,
1983,4,0.018,0.105,
1983,5,0.041,0.077,
1983,6,0.085,0.078,
1983,7,0.119,0.086,
1983,8,0.126,0.085,
1983,9,0.060,0.092,
1983,10,0.037,0.038,
1983,11,0.118,0.003,
1983,12,-0.152,0.018,
1984,1,-0.047,0.030,
1984,2,0.132,0.024,
1984,3,0.098,0.067,
1984,4,0.091,0.088,
1984,5,0.059,0.067,
1984,6,0.060,0.065,
1984,7,0.028,0.061,
1984,8,0.086,0.054,
1984,9,0.072,0.056,
1984,10,0.027,0.031,
1984,11,0.066,0.003,
1984,12,-0.097,-0.024,
1985,1,-0.054,-0.042,
1985,2,-0.064,-0.051,
1985,3,-0.059,-0.035,
1985,4,0.020,-0.023,
1985,5,-0.021,-0.017,
1985,6,0.011,-0.019,
1985,7,-0.037,-0.043,
1985,8,-0.067,-0.045,
1985,9,-0.100,-0.101,
1985,10,-0.034,-0.123,
1985,11,-0.267,-0.086,
1985,12,-0.150,-0.069,
1986,1,0.122,-0.042,
1986,2,-0.015,0.013,
1986,3,0.100,0.056,
1986,4,0.007,0.031,
1986,5,0.064,0.031,
1986,6,0.001,0.005,
1986,7,-0.017,-0.007,
1986,8,-0.028,-0.029,
1986,9,-0.057,-0.035,
1986,10,-0.045,-0.026,
1986,11,-0.027,-0.008,
1986,12,0.027,0.027,
1987,1,0.064,0.045,
1987,2,0.115,0.069,
1987,3,0.044,0.086,
1987,4,0.095,0.089,
1987,5,0.112,0.073,
1987,6,0.079,0.055,
1987,7,0.035,0.042,
1987,8,-0.044,0.015,
1987,9,0.030,0.014,
1987,10,-0.027,0.025,
1987,11,0.076,0.040,
1987,12,0.089,0.025,
1988,1,0.032,0.037,
1988,2,-0.047,0.031,
1988,3,0.035,0.032,
1988,4,0.045,0.043,
1988,5,0.096,0.066,
1988,6,0.085,0.066,
1988,7,0.067,0.057,
1988,8,0.038,0.034,
1988,9,-0.000,0.040,
1988,10,-0.021,0.007,
1988,11,0.118,-0.009,
1988,12,-0.100,-0.067,
1989,1,-0.041,-0.059,
1989,2,-0.289,-0.095,
1989,3,0.018,-0.077,
1989,4,-0.065,-0.075,
1989,5,-0.008,-0.017,
1989,6,-0.032,-0.029,
1989,7,0.003,-0.031,
1989,8,-0.045,-0.035,
1989,9,-0.075,-0.035,
1989,10,-0.025,-0.049,
1989,11,-0.035,-0.045,
1989,12,-0.067,-0.036,
1990,1,-0.024,-0.033,
1990,2,-0.027,-0.041,
1990,3,-0.012,-0.040,
1990,4,-0.075,-0.034,
1990,5,-0.064,-0.035,
1990,6,0.011,-0.027,
1990,7,-0.034,-0.015,
1990,8,0.028,0.003,
1990,9,-0.015,-0.001,
1990,10,0.026,-0.030,
1990,11,-0.011,-0.074,
1990,12,-0.180,-0.063,
1991,1,-0.188,-0.077,
1991,2,0.039,-0.082,
1991,3,-0.047,-0.052,
1991,4,-0.035,-0.025,
1991,5,-0.030,-0.038,
1991,6,-0.054,-0.017,
1991,7,-0.025,-0.011,
1991,8,0.061,-0.019,
1991,9,-0.006,0.004,
1991,10,-0.072,0.031,
1991,11,0.062,0.056,
1991,12,0.109,0.104,
1992,1,0.188,0.127,
1992,2,0.233,0.139,
1992,3,0.045,0.119,
1992,4,0.119,0.083,
1992,5,0.012,0.032,
1992,6,0.006,0.018,
1992,7,-0.023,0.010,
1992,8,-0.023,0.007,
1992,9,0.076,0.011,
1992,10,-0.002,0.007,
1992,11,0.027,0.004,
1992,12,-0.042,-0.000,
1993,1,-0.037,0.015,
1993,2,0.053,0.033,
1993,3,0.074,0.061,
1993,4,0.116,0.087,
1993,5,0.099,0.078,
1993,6,0.091,0.057,
1993,7,0.010,0.009,
1993,8,-0.032,-0.027,
1993,9,-0.123,-0.069,
1993,10,-0.079,-0.063,
1993,11,-0.122,-0.060,
1993,12,0.040,-0.035,
1994,1,-0.017,-0.019,
1994,2,0.001,0.006,
1994,3,0.003,0.006,
1994,4,0.003,0.020,
1994,5,0.040,0.016,
1994,6,0.054,0.006,
1994,7,-0.019,0.008,
1994,8,-0.050,0.004,
1994,9,0.017,-0.010,
1994,10,0.016,0.004,
1994,11,-0.016,0.029,
1994,12,0.054,0.014,
1995,1,0.071,0.010,
1995,2,-0.057,0.009,
1995,3,-0.002,-0.018,
1995,4,-0.023,-0.038,
1995,5,-0.077,-0.031,
1995,6,-0.032,-0.029,
1995,7,-0.019,-0.029,
1995,8,0.006,-0.014,
1995,9,-0.025,-0.012,
1995,10,-0.001,-0.008,
1995,11,-0.018,-0.025,
1995,12,0.001,-0.019,
1996,1,-0.082,-0.042,
1996,2,0.005,-0.026,
1996,3,-0.118,-0.032,
1996,4,0.063,-0.013,
1996,5,-0.030,-0.023,
1996,6,0.013,0.003,
1996,7,-0.041,-0.010,
1996,8,0.010,-0.004,
1996,9,-0.003,-0.030,
1996,10,0.003,-0.028,
1996,11,-0.119,-0.037,
1996,12,-0.029,-0.047,
1997,1,-0.036,-0.046,
1997,2,-0.053,-0.027,
1997,3,0.006,-0.024,
1997,4,-0.025,0.006,
1997,5,-0.015,0.034,
1997,6,0.117,0.043,
1997,7,0.085,0.066,
1997,8,0.050,0.087,
1997,9,0.094,0.088,
1997,10,0.088,0.110,
1997,11,0.124,0.143,
1997,12,0.193,0.193,
1998,1,0.219,0.184,
1998,2,0.340,0.164,
1998,3,0.043,0.125,
1998,4,0.025,0.066,
1998,5,-0.002,-0.010,
1998,6,-0.078,-0.024,
1998,7,-0.040,-0.038,
1998,8,-0.024,-0.045,
1998,9,-0.044,-0.022,
1998,10,-0.039,-0.023,
1998,11,0.039,-0.029,
1998,12,-0.047,0.012,
1999,1,-0.055,0.039,
1999,2,0.164,0.022,
1999,3,0.092,0.042,
1999,4,-0.043,0.061,
1999,5,0.050,0.021,
1999,6,0.041,0.005,
1999,7,-0.034,0.005,
1999,8,0.012,-0.016,
1999,9,-0.044,-0.001,
1999,10,-0.056,0.001,
1999,11,0.116,-0.009,
1999,12,-0.023,0.005,
2000,1,-0.039,0.030,
2000,2,0.029,0.010,
2000,3,0.067,0.026,
2000,4,0.019,0.034,
2000,5,0.054,0.030,
2000,6,-0.001,0.011,
2000,7,0.012,0.003,
2000,8,-0.027,-0.010,
2000,9,-0.022,-0.025,
2000,10,-0.010,-0.042,
2000,11,-0.077,-0.023,
2000,12,-0.076,-0.036,
2001,1,0.068,-0.034,
2001,2,-0.085,-0.027,
2001,3,-0.002,-0.002,
2001,4,-0.038,-0.011,
2001,5,0.045,0.006,
2001,6,0.026,0.019,
2001,7,-0.001,0.044,
2001,8,0.064,0.039,
2001,9,0.085,0.049,
2001,10,0.020,0.056,
2001,11,0.078,0.046,
2001,12,0.033,0.027,
2002,1,0.012,0.004,
2002,2,-0.007,-0.040,
2002,3,-0.097,-0.062,
2002,4,-0.139,-0.068,
2002,5,-0.081,-0.066,
2002,6,-0.018,-0.048,
2002,7,0.004,-0.018,
2002,8,-0.005,-0.022,
2002,9,0.009,-0.006,
2002,10,-0.101,0.032,
2002,11,0.066,0.067,
2002,12,0.193,0.052,
2003,1,0.168,0.083,
2003,2,-0.066,0.083,
2003,3,0.054,0.050,
2003,4,0.067,0.015,
2003,5,0.028,0.030,
2003,6,-0.010,0.024,
2003,7,0.010,0.025,
2003,8,0.023,0.029,
2003,9,0.072,0.021,
2003,10,0.051,0.051,
2003,11,-0.052,0.063,
2003,12,0.160,0.068,
2004,1,0.083,0.064,
2004,2,0.100,0.076,
2004,3,0.027,0.041,
2004,4,0.011,0.022,
2004,5,-0.018,0.006,
2004,6,-0.008,0.005,
2004,7,0.019,0.011,
2004,8,0.021,0.016,
2004,9,0.043,0.010,
2004,10,0.005,0.001,
2004,11,-0.039,-0.009,
2004,12,-0.023,-0.023,
2005,1,-0.030,-0.014,
2005,2,-0.028,0.008,
2005,3,0.048,0.036,
2005,4,0.075,0.047,
2005,5,0.117,0.070,
2005,6,0.021,0.074,
2005,7,0.086,0.058,
2005,8,0.070,0.055,
2005,9,-0.002,0.068,
2005,10,0.099,0.073,
2005,11,0.085,0.098,
2005,12,0.114,0.091,
2006,1,0.194,0.083,
2006,2,-0.039,0.090,
2006,3,0.059,0.079,
2006,4,0.120,0.051,
2006,5,0.060,0.067,
2006,6,0.053,0.066,
2006,7,0.041,0.050,
2006,8,0.055,0.028,
2006,9,0.041,0.025,
2006,10,-0.050,0.042,
2006,11,0.038,0.030,
2006,12,0.129,0.034,
2007,1,-0.007,0.057,
2007,2,0.060,0.065,
2007,3,0.066,0.048,
2007,4,0.076,0.058,
2007,5,0.046,0.069,
2007,6,0.042,0.067,
2007,7,0.116,0.053,
2007,8,0.055,0.060,
2007,9,0.004,0.048,
2007,10,0.083,0.026,
2007,11,-0.017,0.028,
2007,12,0.005,0.035,
2008,1,0.062,0.024,
2008,2,0.041,0.018,
2008,3,0.030,0.017,
2008,4,-0.046,0.006,
2008,5,-0.004,0.018,
2008,6,0.011,0.039,
2008,7,0.099,0.046,
2008,8,0.134,0.051,
2008,9,-0.012,0.061,
2008,10,0.022,0.018,
2008,11,0.062,-0.026,
2008,12,-0.116,-0.039,
2009,1,-0.085,-0.044,
2009,2,-0.080,-0.077,
2009,3,-0.003,-0.059,
2009,4,-0.101,-0.041,
2009,5,-0.026,-0.038,
2009,6,0.007,-0.033,
2009,7,-0.065,0.005,
2009,8,0.019,0.009,
2009,9,0.092,0.034,
2009,10,-0.010,0.026,
2009,11,0.133,0.064,
2009,12,-0.102,0.070,
2010,1,0.208,0.104,
2010,2,0.118,0.095,
2010,3,0.164,0.112,
2010,4,0.085,0.073,
2010,5,-0.014,0.032,
2010,6,0.010,-0.018,
2010,7,-0.084,-0.043,
2010,8,-0.090,-0.036,
2010,9,-0.040,-0.043,
2010,10,0.025,-0.014,
2010,11,-0.027,-0.014,
2010,12,0.064,-0.029,
2011,1,-0.092,-0.025,
2011,2,-0.115,-0.027,
2011,3,0.044,-0.043,
2011,4,-0.034,-0.038,
2011,5,-0.020,-0.013,
2011,6,-0.067,-0.027,
2011,7,0.011,-0.009,
2011,8,-0.024,-0.006,
2011,9,0.053,0.003,
2011,10,-0.005,-0.031,
2011,11,-0.018,-0.020,
2011,12,-0.159,-0.037,
2012,1,0.031,-0.020,
2012,2,-0.034,-0.005,
2012,3,0.079,0.029,
2012,4,0.060,0.028,
2012,5,0.009,0.028,
2012,6,0.028,0.006,
2012,7,-0.033,-0.019,
2012,8,-0.032,-0.051,
2012,9,-0.068,-0.060,
2012,10,-0.152,-0.052,
2012,11,-0.014,-0.073,
2012,12,0.004,-0.079,
2013,1,-0.138,-0.082,
2013,2,-0.094,-0.105,
2013,3,-0.170,-0.128,
2013,4,-0.128,-0.117,
2013,5,-0.110,-0.121,
2013,6,-0.082,-0.095,
2013,7,-0.114,-0.062,
2013,8,-0.042,-0.072,
2013,9,0.037,-0.090,
2013,10,-0.160,-0.116,
2013,11,-0.173,-0.133,
2013,12,-0.240,-0.162,
2014,1,-0.130,-0.143,
2014,2,-0.107,-0.107,
2014,3,-0.063,-0.062,
2014,4,0.006,-0.043,
2014,5,-0.018,-0.017,
2014,6,-0.036,-0.006,
2014,7,0.024,-0.003,
2014,8,-0.004,0.025,
2014,9,0.016,0.018,
2014,10,0.126,0.024,
2014,11,-0.070,0.026,
2014,12,0.050,0.014,
2015,1,0.006,-0.017,
2015,2,-0.043,0.008,
2015,3,-0.029,-0.016,
2015,4,0.054,-0.027,
2015,5,-0.071,-0.016,
2015,6,-0.046,-0.008,
2015,7,0.011,-0.009,
2015,8,0.012,0.011,
2015,9,0.047,0.007,
2015,10,0.030,0.024,
2015,11,-0.066,0.050,
2015,12,0.097,0.058,
2016,1,0.140,0.078,
2016,2,0.091,0.091,
2016,3,0.130,0.056,
2016,4,-0.003,0.026,
2016,5,-0.076,0.004,
2016,6,-0.014,-0.041,
2016,7,-0.016,-0.050,
2016,8,-0.098,-0.037,
2016,9,-0.045,-0.010,
2016,10,-0.014,-0.032,
2016,11,0.121,-0.026,
2016,12,-0.127,-0.026,
2017,1,-0.066,-0.024,
2017,2,-0.043,-0.044,
2017,3,-0.006,-0.026,
2017,4,0.022,-0.010,
2017,5,-0.036,-0.005,
2017,6,0.013,-0.002,
2017,7,-0.020,-0.009,
2017,8,0.010,-0.029,
2017,9,-0.014,-0.042,
2017,10,-0.132,-0.077,
2017,11,-0.053,-0.077,
2017,12,-0.194,-0.119,
2018,1,0.007,-0.119,
2018,2,-0.224,-0.125,
2018,3,-0.130,-0.100,
2018,4,-0.084,-0.109,
2018,5,-0.066,-0.090,
2018,6,-0.039,-0.081,
2018,7,-0.131,-0.088,
2018,8,-0.084,-0.093,
2018,9,-0.120,-0.100,
2018,10,-0.093,-0.069,
2018,11,-0.071,-0.058,
2018,12,0.021,-0.073,
2019,1,-0.027,-0.081,
2019,2,-0.197,-0.070,
2019,3,-0.133,-0.096,
2019,4,-0.013,-0.113,
2019,5,-0.109,-0.079,
2019,6,-0.111,-0.067,
2019,7,-0.029,-0.071,
2019,8,-0.075,-0.071,
2019,9,-0.033,-0.071,
2019,10,-0.109,-0.054,
2019,11,-0.108,-0.036,
2019,12,0.053,-0.044,
2020,1,0.016,-0.045,
2020,2,-0.070,-0.048,
2020,3,-0.114,-0.054,
2020,4,-0.124,-0.056,
2020,5,0.022,-0.038,
2020,6,0.005,0.001,
2020,7,0.022,0.028,
2020,8,0.082,0.002,
2020,9,0.009,-0.008,
2020,10,-0.107,-0.000,
2020,11,-0.044,0.008,
2020,12,0.058,-0.002,
2021,1,0.126,0.012,
2021,2,-0.043,-0.001,
2021,3,-0.039,-0.019,
2021,4,-0.105,-0.038,
2021,5,-0.033,-0.034,
2021,6,0.030,-0.025,
2021,7,-0.022,0.016,
2021,8,0.005,0.041,
2021,9,0.100,0.050,
2021,10,0.091,0.044,
2021,11,0.075,0.043,
2021,12,-0.053,0.003,
2022,1,0.004,-0.017,
2022,2,-0.101,-0.035,
2022,3,-0.008,-0.018,
2022,4,-0.017,-0.010,
2022,5,0.032,0.019,
2022,6,0.046,0.024,
2022,7,0.043,0.030,
2022,8,0.017,0.019,
2022,9,0.015,-0.014,
2022,10,-0.027,-0.041,
2022,11,-0.119,-0.030,
2022,12,-0.088,-0.039,
2023,1,0.070,-0.046,
2023,2,-0.031,-0.007,
2023,3,-0.062,0.010,
2023,4,0.075,-0.008,
2023,5,-0.003,-0.008,
2023,6,-0.022,0.004,
2023,7,-0.030,0.001,
2023,8,-0.001,0.005,
2023,9,0.059,0.012,
2023,10,0.017,0.046,
2023,11,0.016,0.057,
2023,12,0.140,0.045,
2024,1,0.053,0.046,
2024,2,-0.000,0.028,
2024,3,0.020,-0.004,
2024,4,-0.071,-0.011,
2024,5,-0.022,-0.015,
2024,6,0.018,-0.026,
2024,7,-0.018,-0.016,
2024,8,-0.038,-0.010,
2024,9,-0.021,-0.016,
2024,10,0.010,
2024,11,-0.014,
