Interannual variation of monthly mean sea level and the 5-month centered average.
The values are in meters.  The average seasonal cycle and the relative sea level trend have been removed.
Column values are the Year; Month; Interannual Variation; and the 5-month centered average of the Interannual Variation.
Product of NOAAs National Ocean Service / Center for Operational Oceanographic Products and Services (CO-OPS)

Year, Month, Interannual_Variation, Five_Month_Average
1972,1,-0.372,
1972,2,-0.237,
1972,3,-0.160,-0.224,
1972,4,-0.187,-0.165,
1972,5,-0.162,-0.141,
1972,6,-0.078,-0.121,
1972,7,-0.119,-0.114,
1972,8,-0.058,-0.117,
1972,9,-0.153,-0.107,
1972,10,-0.178,-0.116,
1972,11,-0.026,-0.126,
1972,12,-0.167,-0.124,
1973,1,-0.104,-0.103,
1973,2,-0.147,-0.135,
1973,3,-0.073,-0.109,
1973,4,-0.182,-0.101,
1973,5,-0.038,-0.076,
1973,6,-0.066,-0.082,
1973,7,-0.023,-0.064,
1973,8,-0.099,-0.078,
1973,9,-0.096,-0.115,
1973,10,-0.106,-0.127,
1973,11,-0.253,-0.170,
1973,12,-0.083,-0.166,
1974,1,-0.311,-0.179,
1974,2,-0.075,-0.128,
1974,3,-0.171,-0.111,
1974,4,0.000,-0.060,
1974,5,0.001,-0.048,
1974,6,-0.055,-0.046,
1974,7,-0.012,-0.067,
1974,8,-0.161,-0.074,
1974,9,-0.106,-0.057,
1974,10,-0.037,-0.052,
1974,11,0.033,-0.059,
1974,12,0.013,-0.054,
1975,1,-0.196,-0.072,
1975,2,-0.085,-0.105,
1975,3,-0.125,-0.117,
1975,4,-0.135,-0.089,
1975,5,-0.047,-0.070,
1975,6,-0.053,-0.034,
1975,7,0.012,0.003,
1975,8,0.054,0.024,
1975,9,0.050,0.037,
1975,10,0.060,-0.015,
1975,11,0.010,-0.022,
1975,12,-0.247,-0.048,
1976,1,0.016,-0.064,
1976,2,-0.080,-0.055,
1976,3,-0.019,0.017,
1976,4,0.053,0.027,
1976,5,0.117,0.075,
1976,6,0.064,0.101,
1976,7,0.160,
1976,8,0.111,
1976,12,-0.032,
1979,5,0.045,
1979,6,0.025,
1979,7,0.060,
1979,8,0.053,
1980,3,0.018,
1980,4,0.230,
1980,5,0.109,
1980,7,0.026,
1980,8,-0.038,
1980,9,-0.041,0.039,
1980,10,0.093,0.022,
1980,11,0.153,
1980,12,-0.055,
1983,7,0.085,
1983,8,0.083,
1983,9,-0.022,0.073,
1983,10,0.036,0.032,
1983,11,0.181,0.014,
1983,12,-0.118,0.048,
1984,1,-0.006,0.079,
1984,2,0.147,0.062,
1984,3,0.191,0.090,
1984,4,0.094,0.095,
1984,5,0.025,0.070,
1984,6,0.021,0.036,
1984,7,0.021,0.035,
1984,8,0.021,0.041,
1984,9,0.089,0.045,
1984,10,0.054,0.021,
1984,11,0.039,0.019,
1984,12,-0.097,-0.020,
1985,1,0.011,-0.042,
1985,2,-0.110,-0.056,
1985,3,-0.052,-0.040,
1985,4,-0.035,-0.047,
1985,5,-0.017,-0.032,
1985,6,-0.020,-0.022,
1985,7,-0.034,-0.032,
1985,8,-0.004,-0.038,
1985,9,-0.083,-0.081,
1985,10,-0.050,-0.081,
1985,11,-0.231,-0.042,
1985,12,-0.034,-0.025,
1986,1,0.190,-0.012,
1986,2,-0.001,0.018,
1986,3,0.014,0.018,
1986,4,-0.079,-0.033,
1986,5,-0.033,-0.044,
1986,6,-0.065,-0.057,
1986,7,-0.057,-0.067,
1986,8,-0.051,-0.063,
1986,9,-0.131,-0.044,
1986,10,-0.013,0.006,
1986,11,0.032,0.057,
1986,12,0.193,0.129,
1987,1,0.204,0.152,
1987,2,0.226,0.169,
1987,3,0.105,0.144,
1987,4,0.117,0.120,
1987,5,0.070,0.072,
1987,6,0.081,0.039,
1987,7,-0.013,0.026,
1987,8,-0.061,0.021,
1987,9,0.051,0.036,
1987,10,0.047,0.059,
1987,11,0.153,0.086,
1987,12,0.104,0.096,
1988,1,0.075,0.122,
1988,2,0.100,0.111,
1988,3,0.177,0.105,
1988,4,0.098,0.105,
1988,5,0.078,0.100,
1988,6,0.073,0.077,
1988,7,0.074,0.057,
1988,8,0.063,0.039,
1988,9,-0.005,0.040,
1988,10,-0.009,0.026,
1988,11,0.076,-0.012,
1988,12,0.005,-0.054,
1989,1,-0.128,-0.048,
1989,2,-0.213,-0.075,
1989,3,0.020,-0.081,
1989,4,-0.061,-0.059,
1989,5,-0.021,-0.018,
1989,6,-0.022,-0.020,
1989,7,-0.003,-0.007,
1989,8,0.009,0.006,
1989,9,0.003,0.005,
1989,10,0.045,0.016,
1989,11,-0.029,0.019,
1989,12,0.052,0.017,
1990,1,0.026,0.029,
1990,2,-0.010,0.027,
1990,3,0.106,0.006,
1990,4,-0.041,0.001,
1990,5,-0.050,0.003,
1990,6,-0.002,-0.009,
1990,7,0.002,0.005,
1990,8,0.044,0.022,
1990,9,0.033,0.006,
1990,10,0.032,-0.010,
1990,11,-0.081,-0.032,
1990,12,-0.077,-0.019,
1991,1,-0.066,-0.021,
1991,2,0.096,-0.009,
1991,3,0.023,-0.001,
1991,4,-0.021,-0.002,
1991,5,-0.036,-0.026,
1991,6,-0.074,-0.013,
1991,7,-0.020,0.018,
1991,8,0.086,0.015,
1991,9,0.131,0.054,
1991,10,-0.050,0.088,
1991,11,0.122,0.129,
1991,12,0.153,0.157,
1992,1,0.289,0.182,
1992,2,0.269,0.163,
1992,3,0.080,0.134,
1992,4,0.027,0.084,
1992,5,0.005,0.042,
1992,6,0.038,0.037,
1992,7,0.060,0.021,
1992,8,0.054,0.028,
1992,9,-0.053,0.044,
1992,10,0.041,0.062,
1992,11,0.117,0.107,
1992,12,0.152,0.127,
1993,1,0.276,0.132,
1993,2,0.051,0.135,
1993,3,0.064,0.124,
1993,4,0.135,0.094,
1993,5,0.096,0.088,
1993,6,0.122,0.075,
1993,7,0.022,0.041,
1993,8,0.002,0.025,
1993,9,-0.038,-0.002,
1993,10,0.015,0.025,
1993,11,-0.009,0.024,
1993,12,0.154,0.028,
1994,1,0.000,0.049,
1994,2,-0.021,0.053,
1994,3,0.119,0.040,
1994,4,0.015,0.059,
1994,5,0.088,0.072,
1994,6,0.095,0.041,
1994,7,0.042,0.047,
1994,8,-0.035,0.039,
1994,9,0.044,0.011,
1994,10,0.051,0.028,
1994,11,-0.047,0.050,
1994,12,0.127,0.036,
1995,1,0.075,0.018,
1995,2,-0.028,0.038,
1995,3,-0.036,0.013,
1995,4,0.050,0.010,
1995,5,0.005,0.026,
1995,6,0.058,0.043,
1995,7,0.055,0.052,
1995,8,0.047,0.068,
1995,9,0.093,0.059,
1995,10,0.089,0.052,
1995,11,0.010,0.011,
1995,12,0.021,-0.011,
1996,1,-0.159,-0.059,
1996,2,-0.015,-0.045,
1996,3,-0.151,-0.058,
1996,4,0.079,-0.026,
1996,5,-0.044,-0.025,
1996,6,-0.001,0.014,
1996,7,-0.007,0.000,
1996,8,0.042,-0.006,
1996,9,0.010,-0.033,
1996,10,-0.074,-0.043,
1996,11,-0.134,-0.060,
1996,12,-0.062,-0.037,
1997,1,-0.039,-0.033,
1997,2,0.124,-0.007,
1997,3,-0.054,-0.003,
1997,4,-0.006,0.019,
1997,5,-0.040,0.008,
1997,6,0.070,0.023,
1997,7,0.069,0.041,
1997,8,0.024,0.046,
1997,9,0.080,0.068,
1997,10,-0.013,0.099,
1997,11,0.181,0.118,
1997,12,0.224,0.169,
1998,1,0.120,0.183,
1998,2,0.335,0.164,
1998,3,0.057,0.125,
1998,4,0.085,0.092,
1998,5,0.027,0.025,
1998,6,-0.043,0.019,
1998,7,-0.001,0.007,
1998,8,0.026,-0.005,
1998,9,0.025,0.014,
1998,10,-0.033,0.002,
1998,11,0.052,-0.023,
1998,12,-0.058,-0.016,
1999,1,-0.101,0.006,
1999,2,0.059,-0.014,
1999,3,0.078,-0.004,
1999,4,-0.046,0.014,
1999,5,-0.008,-0.001,
1999,6,-0.011,-0.013,
1999,7,-0.020,0.005,
1999,8,0.021,0.004,
1999,9,0.042,0.021,
1999,10,-0.010,0.016,
1999,11,0.070,-0.012,
1999,12,-0.043,-0.011,
2000,1,-0.120,0.013,
2000,2,0.047,-0.001,
2000,3,0.110,0.007,
2000,4,-0.001,0.030,
2000,5,-0.003,0.029,
2000,6,-0.002,-0.004,
2000,7,0.041,-0.017,
2000,8,-0.055,-0.019,
2000,9,-0.067,-0.020,
2000,10,-0.009,-0.036,
2000,11,-0.011,0.008,
2000,12,-0.037,0.012,
2001,1,0.164,0.026,
2001,2,-0.047,0.030,
2001,3,0.058,0.050,
2001,4,0.010,0.018,
2001,5,0.065,0.027,
2001,6,0.004,0.023,
2001,7,-0.005,0.037,
2001,8,0.039,0.026,
2001,9,0.082,0.033,
2001,10,0.009,0.029,
2001,11,0.041,0.029,
2001,12,-0.026,0.009,
2002,1,0.036,-0.018,
2002,2,-0.017,-0.061,
2002,3,-0.123,-0.077,
2002,4,-0.177,-0.087,
2002,5,-0.105,-0.082,
2002,6,-0.011,-0.061,
2002,7,0.005,-0.023,
2002,8,-0.017,-0.005,
2002,9,0.011,0.041,
2002,10,-0.012,0.079,
2002,11,0.218,0.110,
2002,12,0.193,0.116,
2003,1,0.138,0.117,
2003,2,0.044,0.087,
2003,3,-0.008,0.060,
2003,4,0.066,0.037,
2003,5,0.062,0.043,
2003,6,0.020,0.059,
2003,7,0.076,0.057,
2003,8,0.070,0.070,
2003,9,0.059,0.052,
2003,10,0.124,0.060,
2003,11,-0.067,0.024,
2003,12,0.116,0.038,
2004,1,-0.111,0.007,
2004,2,0.128,0.028,
2004,3,-0.030,0.002,
2004,4,0.037,0.027,
2004,5,-0.013,0.012,
2004,6,0.015,0.021,
2004,7,0.051,0.013,
2004,8,0.016,0.024,
2004,9,-0.002,0.029,
2004,10,0.042,0.006,
2004,11,0.038,-0.021,
2004,12,-0.063,-0.019,
2005,1,-0.119,-0.010,
2005,2,0.006,-0.005,
2005,3,0.087,0.023,
2005,4,0.064,0.050,
2005,5,0.075,0.061,
2005,6,0.018,0.048,
2005,7,0.060,0.040,
2005,8,0.024,0.043,
2005,9,0.022,0.042,
2005,10,0.092,0.048,
2005,11,0.013,0.059,
2005,12,0.089,0.030,
2006,1,0.080,0.011,
2006,2,-0.124,0.026,
2006,3,-0.002,0.009,
2006,4,0.087,-0.012,
2006,5,0.004,0.007,
2006,6,-0.023,0.009,
2006,7,-0.031,-0.010,
2006,8,0.009,-0.020,
2006,9,-0.010,-0.039,
2006,10,-0.046,-0.006,
2006,11,-0.117,-0.022,
2006,12,0.136,-0.034,
2007,1,-0.071,-0.043,
2007,2,-0.072,-0.017,
2007,3,-0.092,-0.048,
2007,4,0.014,-0.039,
2007,5,-0.019,-0.016,
2007,6,-0.026,-0.000,
2007,7,0.043,-0.004,
2007,8,-0.013,0.010,
2007,9,-0.007,0.024,
2007,10,0.051,0.003,
2007,11,0.047,-0.001,
2007,12,-0.066,0.009,
2008,1,-0.029,0.007,
2008,2,0.043,-0.018,
2008,3,0.039,-0.005,
2008,4,-0.079,0.004,
2008,5,-0.001,0.015,
2008,6,0.020,0.032,
2008,7,0.093,0.053,
2008,8,0.128,0.059,
2008,9,0.026,0.063,
2008,10,0.029,0.005,
2008,11,0.038,-0.033,
2008,12,-0.196,-0.063,
2009,1,-0.062,-0.068,
2009,2,-0.123,-0.089,
2009,3,0.001,-0.071,
2009,4,-0.067,-0.071,
2009,5,-0.102,-0.067,
2009,6,-0.065,-0.072,
2009,7,-0.103,-0.046,
2009,8,-0.024,-0.031,
2009,9,0.065,0.004,
2009,10,-0.030,0.006,
2009,11,0.113,0.043,
2009,12,-0.093,0.079,
2010,1,0.158,0.123,
2010,2,0.248,0.115,
2010,3,0.190,0.125,
2010,4,0.072,0.083,
2010,5,-0.044,0.019,
2010,6,-0.049,-0.034,
2010,7,-0.073,-0.072,
2010,8,-0.078,-0.055,
2010,9,-0.115,-0.050,
2010,10,0.040,
2010,11,-0.023,
2011,1,0.095,
2011,4,-0.002,
2011,5,-0.006,
2011,6,-0.033,0.000,
2011,7,0.010,0.020,
2011,8,0.033,0.036,
2011,9,0.098,0.012,
2011,10,0.072,-0.005,
2011,11,-0.154,-0.034,
2011,12,-0.073,-0.044,
2012,1,-0.111,-0.058,
2012,2,0.049,-0.019,
2012,3,-0.001,0.006,
2012,4,0.041,0.038,
2012,5,0.050,0.026,
2012,6,0.053,0.028,
2012,7,-0.011,0.027,
2012,8,0.006,-0.005,
2012,9,0.036,-0.024,
2012,10,-0.111,-0.028,
2012,11,-0.043,-0.046,
2012,12,-0.029,-0.058,
2013,1,-0.083,-0.057,
2013,2,-0.022,-0.075,
2013,3,-0.109,-0.080,
2013,4,-0.134,-0.070,
2013,5,-0.054,-0.079,
2013,6,-0.031,-0.058,
2013,7,-0.068,-0.016,
2013,8,-0.005,-0.005,
2013,9,0.078,-0.021,
2013,10,-0.001,-0.049,
2013,11,-0.108,-0.044,
2013,12,-0.210,-0.084,
2014,1,0.019,-0.075,
2014,2,-0.120,-0.044,
2014,3,0.047,0.003,
2014,4,0.044,0.007,
2014,5,0.026,0.044,
2014,6,0.040,0.048,
2014,7,0.061,0.051,
2014,8,0.069,0.069,
2014,9,0.057,0.069,
2014,10,0.119,0.081,
2014,11,0.036,0.063,
2014,12,0.123,0.054,
2015,1,-0.018,0.029,
2015,2,0.012,0.050,
2015,3,-0.006,0.022,
2015,4,0.138,0.033,
2015,5,-0.017,0.049,
2015,6,0.039,0.057,
2015,7,0.093,0.042,
2015,8,0.034,0.071,
2015,9,0.063,0.063,
2015,10,0.125,0.072,
2015,11,-0.002,0.122,
2015,12,0.142,0.154,
2016,1,0.284,0.169,
2016,2,0.219,0.189,
2016,3,0.200,0.160,
2016,4,0.101,0.115,
2016,5,-0.006,0.080,
2016,6,0.059,0.040,
2016,7,0.048,0.030,
2016,8,0.000,0.037,
2016,9,0.051,0.057,
2016,10,0.028,0.031,
2016,11,0.161,0.011,
2016,12,-0.086,-0.015,
2017,1,-0.100,-0.039,
2017,2,-0.079,-0.073,
2017,3,-0.093,-0.061,
2017,4,-0.006,-0.040,
2017,5,-0.025,-0.022,
2017,6,0.002,0.021,
2017,7,0.013,0.034,
2017,8,0.119,0.028,
2017,9,0.062,0.002,
2017,10,-0.056,-0.011,
2017,11,-0.127,-0.038,
2017,12,-0.054,-0.091,
2018,1,-0.016,-0.103,
2018,2,-0.204,-0.081,
2018,3,-0.115,-0.068,
2018,4,-0.015,-0.084,
2018,5,0.008,-0.089,
2018,6,-0.092,-0.093,
2018,7,-0.231,-0.140,
2018,8,-0.136,-0.158,
2018,9,-0.249,-0.149,
2018,10,-0.084,-0.092,
2018,11,-0.048,-0.075,
2018,12,0.057,-0.068,
2019,1,-0.053,-0.062,
2019,2,-0.213,-0.049,
2019,3,-0.054,-0.074,
2019,4,0.021,-0.085,
2019,5,-0.070,-0.065,
2019,6,-0.110,-0.090,
2019,7,-0.111,-0.120,
2019,8,-0.182,-0.129,
2019,9,-0.127,-0.122,
2019,10,-0.113,-0.086,
2019,11,-0.075,-0.069,
2019,12,0.070,-0.047,
2020,1,-0.100,-0.063,
2020,2,-0.019,-0.073,
2020,3,-0.193,-0.082,
2020,4,-0.121,-0.064,
2020,5,0.021,-0.077,
2020,6,-0.009,-0.044,
2020,7,-0.081,-0.030,
2020,8,-0.029,-0.054,
2020,9,-0.049,-0.077,
2020,10,-0.103,-0.055,
2020,11,-0.121,-0.027,
2020,12,0.029,-0.022,
2021,1,0.107,-0.010,
2021,2,-0.025,-0.015,
2021,3,-0.041,-0.020,
2021,4,-0.148,-0.041,
2021,5,0.007,-0.057,
2021,6,0.001,-0.070,
2021,7,-0.102,-0.050,
2021,8,-0.108,-0.048,
2021,9,-0.048,-0.052,
2021,10,0.016,
2021,11,-0.017,
2022,2,-0.043,
2022,3,0.055,
2022,4,-0.009,0.001,
2022,5,0.031,0.005,
2022,6,-0.029,-0.014,
2022,7,-0.023,-0.012,
2022,8,-0.041,-0.032,
2022,9,0.002,-0.054,
2022,10,-0.070,-0.076,
2022,11,-0.139,-0.049,
2022,12,-0.131,-0.079,
2023,1,0.094,-0.100,
2023,2,-0.151,-0.105,
2023,3,-0.172,-0.094,
2023,4,-0.163,-0.121,
2023,5,-0.077,-0.117,
2023,6,-0.044,-0.100,
2023,7,-0.132,-0.071,
2023,8,-0.083,-0.073,
2023,9,-0.019,-0.061,
2023,10,-0.089,-0.005,
2023,11,0.015,
2023,12,0.149,
2024,3,0.008,
2024,4,-0.103,
2024,5,-0.042,-0.060,
2024,6,-0.050,-0.085,
2024,7,-0.113,-0.079,
2024,8,-0.119,-0.084,
2024,9,-0.072,-0.092,
2024,10,-0.067,
2024,11,-0.088,
