Interannual variation of monthly mean sea level and the 5-month centered average.
The values are in meters.  The average seasonal cycle and the relative sea level trend have been removed.
Column values are the Year; Month; Interannual Variation; and the 5-month centered average of the Interannual Variation.
Product of NOAAs National Ocean Service / Center for Operational Oceanographic Products and Services (CO-OPS)

Year, Month, Interannual_Variation, Five_Month_Average
1984,10,0.044,
1984,11,0.148,
1984,12,-0.036,0.023,
1985,1,0.099,0.008,
1985,2,-0.139,-0.032,
1985,3,-0.030,-0.028,
1985,4,-0.054,-0.051,
1985,5,-0.017,-0.030,
1985,6,-0.014,-0.038,
1985,7,-0.035,-0.048,
1985,8,-0.071,-0.060,
1985,9,-0.101,-0.084,
1985,10,-0.079,-0.052,
1985,11,-0.133,-0.020,
1985,12,0.122,0.014,
1986,1,0.092,0.038,
1986,2,0.067,0.046,
1986,3,0.042,0.020,
1986,4,-0.091,0.007,
1986,5,-0.012,-0.011,
1986,6,0.031,-0.009,
1986,7,-0.024,-0.015,
1986,8,0.051,-0.012,
1986,9,-0.120,0.000,
1986,10,0.002,0.040,
1986,11,0.092,0.053,
1986,12,0.176,0.102,
1987,1,0.116,0.125,
1987,2,0.124,0.124,
1987,3,0.115,0.102,
1987,4,0.090,0.104,
1987,5,0.067,0.083,
1987,6,0.125,0.049,
1987,7,0.018,0.044,
1987,8,-0.057,
1987,9,0.068,
1988,5,0.050,
1988,6,0.026,
1988,7,0.004,
1988,8,0.082,
1989,5,-0.048,
1989,6,-0.024,
1989,7,-0.011,-0.016,
1989,8,-0.007,
1989,9,0.008,
2006,10,-0.057,
2006,11,-0.115,
2006,12,0.101,-0.045,
2007,1,-0.097,-0.060,
2007,2,-0.059,-0.022,
2007,3,-0.131,-0.045,
2007,4,0.074,-0.038,
2007,5,-0.013,-0.027,
2007,6,-0.063,-0.008,
2007,7,-0.003,-0.029,
2007,8,-0.034,-0.027,
2007,9,-0.032,-0.009,
2007,10,-0.002,-0.018,
2007,11,0.025,-0.032,
2007,12,-0.045,-0.029,
2008,1,-0.106,-0.028,
2008,2,-0.018,-0.061,
2008,3,0.007,-0.050,
2008,4,-0.141,-0.035,
2008,5,0.006,-0.021,
2008,6,-0.030,-0.019,
2008,7,0.053,-0.005,
2008,8,0.018,-0.024,
2008,9,-0.070,-0.031,
2008,10,-0.090,-0.088,
2008,11,-0.064,-0.133,
2008,12,-0.234,-0.171,
2009,1,-0.207,-0.186,
2009,2,-0.262,-0.217,
2009,3,-0.163,-0.207,
2009,4,-0.221,-0.181,
2009,5,-0.182,-0.144,
2009,6,-0.075,-0.124,
2009,7,-0.076,-0.068,
2009,8,-0.065,-0.046,
2009,9,0.059,-0.026,
2009,10,-0.072,-0.009,
2009,11,0.025,0.019,
2009,12,0.008,0.036,
2010,1,0.075,0.073,
2010,2,0.142,0.079,
2010,3,0.114,0.072,
2010,4,0.054,0.047,
2010,5,-0.026,
2010,6,-0.049,
2010,9,-0.076,
2010,10,0.073,
2010,11,-0.040,-0.042,
2010,12,-0.128,-0.068,
2011,1,-0.040,-0.082,
2011,2,-0.206,-0.071,
2011,3,0.006,-0.041,
2011,4,0.015,-0.035,
2011,5,0.018,0.003,
2011,6,-0.008,0.000,
2011,7,-0.018,0.012,
2011,8,-0.007,0.014,
2011,9,0.076,0.000,
2011,10,0.025,-0.016,
2011,11,-0.075,-0.054,
2011,12,-0.100,-0.055,
2012,1,-0.196,-0.068,
2012,2,0.072,-0.052,
2012,3,-0.039,-0.024,
2012,4,0.002,0.010,
2012,5,0.039,-0.002,
2012,6,-0.027,0.000,
2012,7,0.016,0.003,
2012,8,-0.031,-0.032,
2012,9,0.015,-0.039,
2012,10,-0.132,-0.047,
2012,11,-0.064,-0.052,
2012,12,-0.023,-0.057,
2013,1,-0.057,-0.047,
2013,2,-0.008,-0.063,
2013,3,-0.083,-0.074,
2013,4,-0.146,-0.077,
2013,5,-0.075,-0.096,
2013,6,-0.074,-0.077,
2013,7,-0.101,-0.042,
2013,8,0.008,-0.031,
2013,9,0.033,-0.048,
2013,10,-0.023,-0.053,
2013,11,-0.159,-0.040,
2013,12,-0.122,-0.048,
2014,1,0.071,-0.027,
2014,2,-0.007,0.030,
2014,3,0.082,0.051,
2014,4,0.127,0.039,
2014,5,-0.019,0.042,
2014,6,0.011,0.040,
2014,7,0.009,0.015,
2014,8,0.073,0.027,
2014,9,-0.000,0.048,
2014,10,0.042,0.077,
2014,11,0.116,0.058,
2014,12,0.156,0.070,
2015,1,-0.023,0.071,
2015,2,0.057,0.071,
2015,3,0.048,0.047,
2015,4,0.118,0.053,
2015,5,0.035,0.055,
2015,6,0.007,0.037,
2015,7,0.068,0.009,
2015,8,-0.043,0.021,
2015,9,-0.019,0.023,
2015,10,0.093,0.039,
2015,11,0.015,0.090,
2015,12,0.147,0.147,
2016,1,0.212,0.170,
2016,2,0.268,0.202,
2016,3,0.208,0.178,
2016,4,0.176,0.143,
2016,5,0.027,0.092,
2016,6,0.036,0.051,
2016,7,0.013,0.012,
2016,8,0.004,0.022,
2016,9,-0.018,0.052,
2016,10,0.073,0.035,
2016,11,0.186,0.004,
2016,12,-0.072,-0.008,
2017,1,-0.151,-0.046,
2017,2,-0.076,-0.069,
2017,3,-0.116,-0.051,
2017,4,0.070,-0.018,
2017,5,0.020,-0.006,
2017,6,0.014,
2017,7,-0.017,
2020,11,-0.007,
2020,12,0.100,
2021,1,0.096,0.028,
2021,2,0.010,0.013,
2021,3,-0.061,0.001,
2021,4,-0.081,-0.004,
2021,5,0.041,-0.003,
2021,6,0.072,0.015,
2021,7,0.017,0.048,
2021,8,0.025,0.054,
2021,9,0.086,0.038,
2021,10,0.073,0.003,
2021,11,-0.008,-0.013,
2021,12,-0.162,-0.024,
2022,1,-0.056,-0.022,
2022,2,0.032,-0.016,
2022,3,0.083,0.017,
2022,4,0.022,0.028,
2022,5,0.005,0.040,
2022,6,-0.000,0.032,
2022,7,0.089,0.036,
2022,8,0.044,0.032,
2022,9,0.041,0.019,
2022,10,-0.012,-0.002,
2022,11,-0.067,0.011,
2022,12,-0.017,-0.003,
2023,1,0.110,-0.020,
2023,2,-0.027,-0.011,
2023,3,-0.098,0.009,
2023,4,-0.021,-0.004,
2023,5,0.083,0.009,
2023,6,0.044,0.042,
2023,7,0.036,0.051,
2023,8,0.067,0.033,
2023,9,0.022,0.043,
2023,10,-0.007,0.059,
2023,11,0.098,0.041,
2023,12,0.116,0.053,
2024,1,-0.026,0.065,
2024,2,0.083,0.033,
2024,3,0.052,0.011,
2024,4,-0.058,0.019,
2024,5,0.003,0.006,
2024,6,0.014,-0.002,
2024,7,0.017,0.011,
2024,8,0.014,0.006,
2024,9,0.004,-0.002,
2024,10,-0.023,
2024,11,-0.022,
