Interannual variation of monthly mean sea level and the 5-month centered average.
The values are in meters.  The average seasonal cycle and the relative sea level trend have been removed.
Column values are the Year; Month; Interannual Variation; and the 5-month centered average of the Interannual Variation.
Product of NOAAs National Ocean Service / Center for Operational Oceanographic Products and Services (CO-OPS)

Year, Month, Interannual_Variation, Five_Month_Average
1975,2,0.030,
1975,3,0.064,
1975,4,0.070,
1975,5,0.035,
1975,7,-0.009,
1975,12,-0.017,
1976,1,-0.039,
1976,2,-0.036,-0.023,
1976,3,-0.011,-0.031,
1976,4,-0.011,-0.032,
1976,5,-0.059,-0.018,
1976,6,-0.044,-0.018,
1976,7,0.038,-0.017,
1976,8,-0.013,0.002,
1976,9,-0.006,0.014,
1976,10,0.037,0.011,
1976,11,0.014,
1976,12,0.021,
1977,3,-0.014,
1977,4,-0.014,
1977,5,-0.061,-0.020,
1977,6,-0.046,-0.020,
1977,7,0.035,-0.019,
1977,8,-0.015,0.000,
1977,9,-0.009,0.012,
1977,10,0.034,0.008,
1977,11,0.012,0.022,
1977,12,0.018,0.034,
1978,1,0.051,0.036,
1978,2,0.051,0.040,
1978,3,0.045,0.039,
1978,4,0.036,0.030,
1978,5,0.010,0.019,
1978,6,0.006,0.006,
1978,7,-0.003,-0.004,
1978,8,-0.020,-0.011,
1978,9,-0.014,-0.015,
1978,10,-0.023,-0.015,
1978,11,-0.017,-0.015,
1978,12,0.001,-0.013,
1979,1,-0.021,-0.005,
1979,2,-0.004,
1979,3,0.018,
1980,5,-0.013,
1980,6,0.012,
1980,9,-0.022,
1980,12,0.061,
1981,1,0.059,
1982,1,0.046,
1982,2,0.037,
1982,3,0.015,0.022,
1982,4,-0.003,0.020,
1982,5,0.016,0.027,
1982,6,0.034,0.030,
1982,7,0.073,0.039,
1982,8,0.030,0.051,
1982,9,0.044,0.057,
1982,10,0.072,0.048,
1982,11,0.066,0.044,
1982,12,0.026,0.043,
1983,1,0.010,0.040,
1983,2,0.041,0.041,
1983,3,0.058,0.049,
1983,4,0.071,0.052,
1983,5,0.066,0.050,
1983,6,0.026,0.036,
1983,7,0.028,0.026,
1983,8,-0.010,0.017,
1983,9,0.018,0.011,
1983,10,0.021,0.013,
1983,11,-0.003,0.017,
1983,12,0.039,0.016,
1984,1,0.011,0.016,
1984,2,0.014,0.020,
1984,3,0.019,0.013,
1984,4,0.021,0.010,
1984,5,-0.000,0.001,
1984,6,-0.004,0.000,
1984,7,-0.028,0.001,
1984,8,0.013,0.001,
1984,9,0.025,-0.002,
1984,10,-0.002,0.005,
1984,11,-0.018,0.004,
1984,12,0.006,-0.004,
1985,1,0.011,0.006,
1985,2,-0.016,0.019,
1985,3,0.048,0.024,
1985,4,0.045,0.022,
1985,5,0.031,0.029,
1985,6,0.001,0.035,
1985,7,0.021,0.033,
1985,8,0.075,0.025,
1985,9,0.035,0.020,
1985,10,-0.007,0.012,
1985,11,-0.024,0.000,
1985,12,-0.021,-0.005,
1986,1,0.019,-0.000,
1986,2,0.006,0.015,
1986,3,0.018,0.026,
1986,4,0.052,0.026,
1986,5,0.032,0.029,
1986,6,0.023,0.029,
1986,7,0.022,0.019,
1986,8,0.018,0.019,
1986,9,-0.001,0.015,
1986,10,0.034,0.006,
1986,11,0.005,-0.003,
1986,12,-0.026,0.001,
1987,1,-0.026,-0.001,
1987,2,0.019,-0.007,
1987,3,0.025,-0.010,
1987,4,-0.026,-0.011,
1987,5,-0.040,-0.013,
1987,6,-0.032,-0.024,
1987,7,0.007,-0.025,
1987,8,-0.030,-0.024,
1987,9,-0.029,-0.028,
1987,10,-0.038,-0.037,
1987,11,-0.049,-0.035,
1987,12,-0.037,-0.033,
1988,1,-0.022,-0.039,
1988,2,-0.019,-0.034,
1988,3,-0.068,-0.034,
1988,4,-0.025,-0.035,
1988,5,-0.036,-0.043,
1988,6,-0.025,-0.036,
1988,7,-0.062,-0.037,
1988,8,-0.032,-0.037,
1988,9,-0.028,-0.040,
1988,10,-0.041,-0.036,
1988,11,-0.039,-0.040,
1988,12,-0.042,-0.049,
1989,1,-0.051,-0.055,
1989,2,-0.070,-0.054,
1989,3,-0.071,-0.049,
1989,4,-0.033,-0.044,
1989,5,-0.017,-0.034,
1989,6,-0.027,-0.027,
1989,7,-0.021,-0.028,
1989,8,-0.038,-0.033,
1989,9,-0.035,-0.035,
1989,10,-0.047,-0.034,
1989,11,-0.032,-0.024,
1989,12,-0.016,-0.023,
1990,1,0.011,-0.022,
1990,2,-0.032,-0.019,
1990,3,-0.039,-0.022,
1990,4,-0.020,-0.030,
1990,5,-0.028,-0.032,
1990,6,-0.032,-0.030,
1990,7,-0.041,-0.031,
1990,8,-0.028,-0.027,
1990,9,-0.027,-0.022,
1990,10,-0.009,-0.009,
1990,11,-0.003,-0.002,
1990,12,0.023,0.004,
1991,1,0.005,0.009,
1991,2,0.001,0.006,
1991,3,0.016,0.010,
1991,4,-0.017,0.023,
1991,5,0.046,0.025,
1991,6,0.070,0.020,
1991,7,0.008,0.041,
1991,8,-0.005,0.045,
1991,9,0.086,0.044,
1991,10,0.065,0.051,
1991,11,0.067,0.062,
1991,12,0.040,0.057,
1992,1,0.051,0.055,
1992,2,0.060,0.051,
1992,3,0.054,0.045,
1992,4,0.048,0.036,
1992,5,0.013,0.021,
1992,6,0.007,0.009,
1992,7,-0.015,0.005,
1992,8,-0.007,0.005,
1992,9,0.026,0.009,
1992,10,0.015,0.008,
1992,11,0.026,0.004,
1992,12,-0.020,-0.006,
1993,1,-0.028,-0.011,
1993,2,-0.025,-0.013,
1993,3,-0.006,-0.013,
1993,4,0.016,-0.021,
1993,5,-0.020,-0.022,
1993,6,-0.072,-0.017,
1993,7,-0.030,-0.014,
1993,8,0.018,-0.009,
1993,9,0.033,0.005,
1993,10,0.003,0.012,
1993,11,-0.001,0.012,
1993,12,0.008,0.010,
1994,1,0.016,0.013,
1994,2,0.027,0.010,
1994,3,0.015,0.015,
1994,4,-0.013,0.011,
1994,5,0.030,0.003,
1994,6,-0.004,0.006,
1994,7,-0.013,0.017,
1994,8,0.029,0.020,
1994,9,0.041,0.028,
1994,10,0.047,0.037,
1994,11,0.038,0.026,
1994,12,0.029,0.014,
1995,1,-0.027,-0.003,
1995,2,-0.015,-0.017,
1995,3,-0.039,-0.028,
1995,4,-0.032,-0.024,
1995,5,-0.028,-0.025,
1995,6,-0.008,-0.021,
1995,7,-0.017,-0.023,
1995,8,-0.019,-0.030,
1995,9,-0.042,-0.042,
1995,10,-0.064,-0.045,
1995,11,-0.067,-0.052,
1995,12,-0.031,-0.053,
1996,1,-0.056,-0.049,
1996,2,-0.047,-0.047,
1996,3,-0.042,-0.048,
1996,4,-0.059,-0.044,
1996,5,-0.035,-0.046,
1996,6,-0.035,-0.044,
1996,7,-0.058,-0.037,
1996,8,-0.034,-0.035,
1996,9,-0.023,-0.036,
1996,10,-0.027,-0.036,
1996,11,-0.040,-0.038,
1996,12,-0.054,-0.045,
1997,1,-0.044,-0.045,
1997,2,-0.061,-0.038,
1997,3,-0.026,-0.027,
1997,4,-0.004,-0.018,
1997,5,0.001,-0.002,
1997,6,-0.002,0.004,
1997,7,0.021,0.006,
1997,8,0.005,0.005,
1997,9,0.007,0.003,
1997,10,-0.003,0.001,
1997,11,-0.016,0.013,
1997,12,0.009,0.027,
1998,1,0.065,0.035,
1998,2,0.080,0.038,
1998,3,0.036,0.038,
1998,4,-0.001,0.032,
1998,5,0.010,0.019,
1998,6,0.032,0.012,
1998,7,0.016,0.013,
1998,8,0.005,0.010,
1998,9,0.001,-0.003,
1998,10,-0.002,-0.017,
1998,11,-0.032,-0.022,
1998,12,-0.058,-0.024,
1999,1,-0.017,-0.029,
1999,2,-0.009,-0.026,
1999,3,-0.030,-0.018,
1999,4,-0.017,-0.016,
1999,5,-0.018,-0.020,
1999,6,-0.005,-0.021,
1999,7,-0.033,-0.029,
1999,8,-0.035,-0.043,
1999,9,-0.057,-0.060,
1999,10,-0.086,-0.082,
1999,11,-0.091,-0.092,
1999,12,-0.142,-0.097,
2000,1,-0.083,-0.097,
2000,2,-0.081,-0.095,
2000,3,-0.089,-0.076,
2000,4,-0.081,-0.071,
2000,5,-0.045,-0.061,
2000,6,-0.060,-0.046,
2000,7,-0.030,-0.033,
2000,8,-0.012,-0.027,
2000,9,-0.019,-0.017,
2000,10,-0.015,-0.012,
2000,11,-0.008,-0.008,
2000,12,-0.005,-0.005,
2001,1,0.007,-0.001,
2001,2,-0.003,-0.004,
2001,3,0.003,0.002,
2001,4,-0.020,0.005,
2001,5,0.023,0.012,
2001,6,0.024,0.015,
2001,7,0.033,0.026,
2001,8,0.014,0.028,
2001,9,0.038,0.026,
2001,10,0.031,0.020,
2001,11,0.014,0.012,
2001,12,0.005,0.003,
2002,1,-0.025,-0.015,
2002,2,-0.007,-0.031,
2002,3,-0.061,-0.041,
2002,4,-0.067,-0.041,
2002,5,-0.046,-0.048,
2002,6,-0.023,-0.035,
2002,7,-0.045,-0.022,
2002,8,0.005,-0.011,
2002,9,-0.000,-0.009,
2002,10,0.006,0.002,
2002,11,-0.011,0.003,
2002,12,0.009,0.002,
2003,1,0.012,0.012,
2003,2,-0.006,0.020,
2003,3,0.054,0.027,
2003,4,0.032,0.029,
2003,5,0.041,0.033,
2003,6,0.023,0.019,
2003,7,0.014,0.010,
2003,8,-0.015,0.009,
2003,9,-0.012,-0.001,
2003,10,0.035,-0.008,
2003,11,-0.025,-0.015,
2003,12,-0.023,-0.022,
2004,1,-0.052,-0.038,
2004,2,-0.046,-0.047,
2004,3,-0.046,-0.055,
2004,4,-0.068,-0.052,
2004,5,-0.065,-0.046,
2004,6,-0.036,-0.040,
2004,7,-0.016,-0.024,
2004,8,-0.013,-0.012,
2004,9,0.013,-0.012,
2004,10,-0.006,-0.015,
2004,11,-0.038,-0.021,
2004,12,-0.032,-0.032,
2005,1,-0.040,-0.036,
2005,2,-0.046,-0.025,
2005,3,-0.024,-0.018,
2005,4,0.016,-0.004,
2005,5,0.005,0.007,
2005,6,0.027,0.011,
2005,7,0.010,0.002,
2005,8,-0.002,-0.010,
2005,9,-0.033,-0.016,
2005,10,-0.051,
2005,11,-0.003,
2006,3,0.025,
2006,7,-0.031,
2006,8,-0.021,
2006,9,-0.029,0.001,
2006,10,0.038,0.010,
2006,11,0.046,0.016,
2006,12,0.016,0.022,
2007,1,0.010,0.015,
2007,2,-0.001,0.002,
2007,3,0.005,-0.005,
2007,4,-0.020,-0.006,
2007,5,-0.016,-0.006,
2007,6,0.004,-0.003,
2007,7,-0.003,0.003,
2007,8,0.022,0.012,
2007,9,0.009,0.011,
2007,10,0.027,0.010,
2007,11,-0.000,0.007,
2007,12,-0.008,0.001,
2008,1,0.005,-0.006,
2008,2,-0.018,-0.004,
2008,3,-0.010,-0.001,
2008,4,0.010,0.001,
2008,5,0.011,0.007,
2008,6,0.013,0.007,
2008,7,0.013,0.006,
2008,8,-0.010,0.003,
2008,9,0.003,0.002,
2008,10,-0.005,-0.007,
2008,11,0.010,-0.014,
2008,12,-0.032,-0.021,
2009,1,-0.046,-0.032,
2009,2,-0.032,-0.048,
2009,3,-0.060,-0.056,
2009,4,-0.071,-0.062,
2009,5,-0.072,-0.068,
2009,6,-0.072,-0.071,
2009,7,-0.066,
2009,8,-0.072,
2009,11,-0.014,
2009,12,0.007,
2010,1,-0.024,0.009,
2010,2,0.023,0.017,
2010,3,0.050,0.020,
2010,4,0.028,0.030,
2010,5,0.022,0.032,
2010,6,0.026,0.026,
2010,7,0.034,0.016,
2010,8,0.019,0.000,
2010,9,-0.018,-0.006,
2010,10,-0.058,-0.011,
2010,11,-0.008,-0.012,
2010,12,0.012,0.001,
2011,1,0.013,0.009,
2011,2,0.045,0.007,
2011,3,-0.018,0.002,
2011,4,-0.016,-0.007,
2011,5,-0.016,-0.020,
2011,6,-0.029,-0.020,
2011,7,-0.022,-0.027,
2011,8,-0.019,-0.033,
2011,9,-0.053,-0.029,
2011,10,-0.044,-0.021,
2011,11,-0.007,-0.019,
2011,12,0.018,-0.012,
2012,1,-0.008,-0.003,
2012,2,-0.020,0.010,
2012,3,0.004,0.017,
2012,4,0.057,0.028,
2012,5,0.054,0.040,
2012,6,0.045,0.050,
2012,7,0.037,0.050,
2012,8,0.054,0.043,
2012,9,0.059,0.036,
2012,10,0.019,0.034,
2012,11,0.011,0.031,
2012,12,0.027,0.021,
2013,1,0.038,0.019,
2013,2,0.010,0.017,
2013,3,0.008,0.011,
2013,4,0.004,-0.002,
2013,5,-0.004,-0.007,
2013,6,-0.028,-0.013,
2013,7,-0.017,-0.023,
2013,8,-0.020,-0.032,
2013,9,-0.047,-0.024,
2013,10,-0.047,-0.023,
2013,11,0.009,-0.019,
2013,12,-0.011,-0.006,
2014,1,0.001,0.007,
2014,2,0.018,0.011,
2014,3,0.017,0.023,
2014,4,0.031,0.033,
2014,5,0.048,0.033,
2014,6,0.050,0.037,
2014,7,0.020,0.040,
2014,8,0.037,0.035,
2014,9,0.044,0.026,
2014,10,0.024,0.026,
2014,11,0.006,0.024,
2014,12,0.018,0.028,
2015,1,0.030,0.033,
2015,2,0.061,0.039,
2015,3,0.052,0.046,
2015,4,0.034,0.048,
2015,5,0.055,0.046,
2015,6,0.037,0.051,
2015,7,0.054,0.056,
2015,8,0.076,0.056,
2015,9,0.057,0.057,
2015,10,0.055,0.050,
2015,11,0.044,0.044,
2015,12,0.017,0.048,
2016,1,0.049,0.040,
2016,2,0.073,0.039,
2016,3,0.017,0.047,
2016,4,0.038,0.043,
2016,5,0.056,0.031,
2016,6,0.028,0.022,
2016,7,0.014,0.011,
2016,8,-0.024,0.002,
2016,9,-0.019,-0.002,
2016,10,0.010,-0.001,
2016,11,0.008,0.002,
2016,12,0.018,0.007,
2017,1,-0.005,0.001,
2017,2,0.002,-0.000,
2017,3,-0.019,-0.003,
2017,4,0.002,-0.002,
2017,5,0.002,-0.004,
2017,6,0.004,0.002,
2017,7,-0.006,
2017,8,0.010,
2018,7,-0.024,
2018,8,0.014,
2018,9,0.023,0.009,
2018,10,-0.003,0.013,
2018,11,0.035,0.011,
2018,12,-0.002,0.002,
2019,1,0.003,0.006,
2019,2,-0.022,0.001,
2019,3,0.016,0.006,
2019,4,0.009,0.005,
2019,5,0.023,0.012,
2019,6,-0.002,0.006,
2019,7,0.013,0.006,
2019,8,-0.014,0.011,
2019,9,0.011,0.025,
2019,10,0.048,0.031,
2019,11,0.067,0.036,
2019,12,0.043,0.031,
2020,1,0.013,0.014,
2020,2,-0.016,-0.006,
2020,3,-0.037,-0.016,
2020,4,-0.032,-0.014,
2020,5,-0.007,-0.005,
2020,6,0.022,0.001,
2020,7,0.027,0.007,
2020,8,-0.006,0.005,
2020,9,-0.001,0.001,
2020,10,-0.018,-0.001,
2020,11,0.004,-0.002,
2020,12,0.018,
2021,1,-0.012,
2021,5,-0.046,
2021,6,-0.023,
2021,7,0.001,-0.019,
2021,8,-0.007,-0.009,
2021,9,-0.021,0.000,
2021,10,0.003,0.005,
2021,11,0.025,0.015,
2021,12,0.024,0.022,
2022,1,0.042,0.021,
2022,2,0.015,0.011,
2022,3,-0.002,0.004,
2022,4,-0.027,0.002,
2022,5,-0.010,0.001,
2022,6,0.032,0.009,
2022,7,0.012,0.012,
2022,8,0.040,0.011,
2022,9,-0.012,0.009,
2022,10,-0.016,0.009,
2022,11,0.022,0.004,
2022,12,0.012,0.004,
2023,1,0.013,0.014,
2023,2,-0.013,0.021,
2023,3,0.035,0.026,
2023,4,0.057,0.035,
2023,5,0.037,0.041,
2023,6,0.059,0.040,
2023,7,0.016,0.030,
2023,8,0.030,0.020,
2023,9,0.010,0.000,
2023,10,-0.011,-0.003,
2023,11,-0.042,-0.011,
2023,12,-0.002,-0.008,
2024,1,-0.011,-0.007,
2024,2,0.026,0.002,
2024,3,-0.004,-0.001,
2024,4,-0.001,0.001,
2024,5,-0.015,-0.011,
2024,6,-0.002,-0.022,
2024,7,-0.032,-0.026,
2024,8,-0.063,-0.025,
2024,9,-0.019,-0.024,
2024,10,-0.011,
2024,11,0.006,
