1950,2.837999999999999
1950,1.981999999999999
1950,3.7610000000000006
1950,2.223
1950,1.922
1950,2.3329999999999993
1950,2.1789999999999994
1950,1.6499999999999992
1950,1.1969999999999996
1950,1.0750000000000002
1950,3.1550000000000002
1950,2.485
1951,1.0290000000000001
1951,1.221
1951,3.195
1951,1.259
1951,1.546
1951,1.9349999999999996
1951,0.8980000000000004
1951,1.0610000000000004
1951,1.0530000000000004
1951,1.975
1951,1.4139999999999997
1951,1.3170000000000002
1952,1.8919999999999995
1952,2.156
1952,2.35
1952,1.0030000000000001
1952,1.9110000000000003
1952,1.341
1952,1.4059999999999995
1952,1.1599999999999995
1952,1.0620000000000003
1952,2.786
1952,1.8469999999999995
1952,3.248
1953,3.7860000000000005
1953,1.4829999999999997
1953,1.4800000000000002
1953,1.2170000000000003
1953,2.162
1953,1.2589999999999995
1953,0.9580000000000003
1953,0.9800000000000003
1953,1.2399999999999998
1953,1.328
1953,1.7599999999999993
1953,1.511
1954,1.2580000000000002
1954,1.706
1954,1.6230000000000004
1954,1.7029999999999998
1954,2.151
1954,1.709
1954,1.2309999999999997
1954,1.5549999999999997
1954,1.3699999999999999
1954,1.3919999999999997
1954,1.5799999999999992
1954,2.188
1955,1.8349999999999997
1955,1.098
1955,2.195
1955,2.0090000000000003
1955,1.356
1955,1.6789999999999998
1955,1.2220000000000002
1955,2.7439999999999998
1955,1.5819999999999996
1955,2.3979999999999997
1955,1.7149999999999999
1955,2.317
1956,2.8250000000000006
1956,0.9140000000000005
1956,1.426
1956,1.5730000000000002
1956,1.2670000000000003
1956,0.8420000000000002
1956,1.8329999999999993
1956,1.871
1956,1.751
1956,2.2239999999999993
1956,1.3649999999999989
1956,2.356
1957,2.391
1957,1.696
1957,2.574
1957,2.0079999999999996
1957,1.1100000000000003
1957,1.3119999999999998
1957,1.3570000000000002
1957,1.6359999999999997
1957,1.388
1957,1.6739999999999997
1957,1.9359999999999997
1957,1.4669999999999999
1958,2.8369999999999997
1958,3.234
1958,4.171
1958,3.386
1958,1.207
1958,0.9650000000000003
1958,1.4369999999999994
1958,1.1150000000000002
1958,1.6429999999999998
1958,2.64
1958,1.3809999999999998
1958,1.2540000000000004
1959,1.582
1959,2.4810000000000008
1959,1.6859999999999997
1959,1.149
1959,2.372
1959,1.5519999999999998
1959,1.9549999999999998
1959,1.26
1959,1.605
1959,1.3869999999999996
1959,1.4430000000000003
1959,1.747
1960,2.0800000000000005
1960,2.042
1960,1.94
1960,1.274
1960,2.43
1960,1.9220000000000002
1960,1.773
1960,1.5609999999999995
1960,1.8300000000000003
1960,1.0970000000000002
1960,1.0820000000000003
1960,1.8929999999999996
1961,1.5369999999999997
1961,2.2520000000000002
1961,3.1439999999999992
1961,2.666
1961,1.0310000000000004
1961,1.893
1961,1.613
1961,1.9329999999999994
1961,2.0929999999999995
1961,1.4740000000000002
1961,1.9559999999999989
1961,1.681999999999999
1962,2.569
1962,2.122
1962,4.766
1962,2.2820000000000005
1962,1.2730000000000001
1962,1.0580000000000005
1962,1.4519999999999995
1962,1.6659999999999997
1962,1.146
1962,1.7369999999999999
1962,2.325999999999999
1962,1.2599999999999998
1963,1.2359999999999998
1963,3.02
1963,1.727999999999999
1963,1.6289999999999998
1963,2.5930000000000004
1963,1.9889999999999992
1963,1.49
1963,2.454999999999999
1963,1.6709999999999994
1963,2.2859999999999996
1963,1.615
1963,3.178
1964,2.1439999999999997
1964,2.7049999999999996
1964,1.8289999999999993
1964,3.172
1964,1.7710000000000001
1964,2.2240000000000006
1964,2.4059999999999997
1964,1.3619999999999999
1964,1.5899999999999999
1964,1.9829999999999999
1964,1.4199999999999997
1964,1.194
1965,1.1210000000000004
1965,0.8580000000000003
1965,1.8939999999999995
1965,1.2519999999999996
1965,2.1479999999999997
1965,1.6800000000000002
1965,1.2810000000000001
1965,2.5349999999999997
1965,1.7229999999999992
1965,2.1849999999999996
1965,1.9199999999999997
1965,1.5779999999999987
1966,2.262
1966,1.127
1966,1.2919999999999996
1966,1.3809999999999998
1966,1.5350000000000004
1966,1.7320000000000004
1966,1.0250000000000004
1966,1.6409999999999993
1966,1.8929999999999993
1966,3.3979999999999997
1966,1.8409999999999995
1966,1.2139999999999997
1967,1.0470000000000004
1967,1.299
1967,1.4939999999999996
1967,1.487
1967,1.417
1967,2.038
1967,1.3869999999999998
1967,1.3010000000000004
1967,1.4450000000000003
1967,2.091
1967,2.253
1967,2.328
1968,1.5559999999999998
1968,1.7109999999999999
1968,2.5729999999999995
1968,1.5739999999999998
1968,1.9020000000000004
1968,2.037
1968,1.1530000000000002
1968,1.5589999999999997
1968,1.297
1968,2.47
1968,2.656999999999999
1968,3.4480000000000004
1969,2.411
1969,2.699
1969,1.5529999999999997
1969,1.8650000000000002
1969,1.9699999999999998
1969,1.1530000000000005
1969,1.7559999999999998
1969,1.0650000000000004
1969,1.7089999999999999
1969,1.4459999999999995
1969,2.6599999999999997
1969,2.5430000000000006
1970,2.0219999999999994
1970,2.552
1970,1.478
1970,1.5019999999999998
1970,1.7060000000000004
1970,1.0140000000000002
1970,1.2510000000000001
1970,1.8959999999999997
1970,1.976
1970,1.578
1970,3.632999999999999
1970,3.1699999999999995
1971,1.9159999999999993
1971,2.4810000000000003
1971,1.8839999999999997
1971,1.811
1971,2.0429999999999993
1971,2.238
1971,2.1169999999999995
1971,1.7519999999999998
1971,1.3139999999999998
1971,3.283
1971,3.5340000000000003
1971,2.3749999999999996
1972,2.112999999999999
1972,1.3240000000000005
1972,1.5760000000000003
1972,1.8049999999999997
1972,2.987999999999999
1972,2.873999999999998
1972,1.7289999999999996
1972,1.186
1972,1.766
1972,1.6789999999999996
1972,4.3100000000000005
1972,3.1679999999999997
1973,3.6380000000000003
1973,4.130999999999999
1973,4.6229999999999976
1973,2.8299999999999996
1973,1.7960000000000005
1973,1.208
1973,1.4549999999999994
1973,1.5089999999999997
1973,1.3459999999999996
1973,1.8959999999999997
1973,3.122
1973,1.4969999999999994
1974,2.837
1974,1.711
1974,1.7719999999999998
1974,2.004
1974,1.6019999999999999
1974,1.8080000000000003
1974,1.4709999999999999
1974,1.6260000000000001
1974,1.2040000000000002
1974,3.189999999999999
1974,1.7119999999999997
1974,1.7630000000000003
1975,1.2399999999999995
1975,2.262999999999999
1975,1.4709999999999988
1975,2.6929999999999996
1975,1.737999999999999
1975,1.9869999999999992
1975,2.175999999999999
1975,1.4189999999999998
1975,1.9029999999999994
1975,1.8909999999999998
1975,1.9819999999999998
1975,2.3299999999999996
1976,1.4619999999999993
1976,2.8219999999999996
1976,1.4469999999999998
1976,1.276
1976,1.7489999999999999
1976,1.623
1976,1.116
1976,1.2850000000000001
1976,2.118999999999999
1976,2.4659999999999997
1976,4.054
1976,3.6539999999999995
1977,3.9099999999999997
1977,3.4820000000000007
1977,2.0250000000000004
1977,3.0509999999999993
1977,1.975
1977,1.397
1977,1.992
1977,1.6680000000000001
1977,1.6910000000000003
1977,2.2999999999999994
1977,1.379
1977,1.7889999999999997
1978,1.878
1978,2.6720000000000006
1978,1.7479999999999998
1978,1.841
1978,1.5470000000000002
1978,1.8819999999999997
1978,1.1200000000000006
1978,1.368
1978,1.3010000000000002
1978,1.662
1978,2.3320000000000003
1978,2.119
1979,2.4899999999999998
1979,1.92
1979,2.0489999999999995
1979,1.8539999999999988
1979,1.9
1979,1.571
1979,1.7069999999999992
1979,1.0400000000000005
1979,1.9249999999999994
1979,2.354
1979,2.0989999999999993
1979,1.9909999999999999
1980,2.135
1980,1.5549999999999997
1980,2.498999999999999
1980,1.4069999999999998
1980,1.085
1980,2.191999999999999
1980,1.9989999999999994
1980,2.377
1980,2.9919999999999995
1980,4.3100000000000005
1980,3.0599999999999987
1980,3.3440000000000003
1981,3.8869999999999996
1981,2.808
1981,2.312
1981,4.044
1981,0.8910000000000005
1981,2.513
1981,1.538
1981,1.5549999999999997
1981,2.428
1981,3.7859999999999996
1981,1.1950000000000003
1981,2.1590000000000003
1982,3.498999999999999
1982,1.657
1982,2.049
1982,4.167999999999999
1982,2.2849999999999997
1982,2.3010000000000006
1982,1.9579999999999993
1982,2.4579999999999997
1982,2.5439999999999996
1982,1.74
1982,2.592
1982,2.674999999999999
1983,2.8939999999999992
1983,4.164000000000001
1983,4.353
1983,2.8169999999999993
1983,1.815
1983,1.4559999999999993
1983,1.6349999999999996
1983,1.5809999999999997
1983,1.8129999999999995
1983,2.074
1983,2.2809999999999997
1983,1.5189999999999995
1984,1.966
1984,1.5459999999999998
1984,1.9469999999999998
1984,3.776
1984,1.914
1984,1.1840000000000004
1984,1.9449999999999996
1984,1.6309999999999998
1984,1.753
1984,1.5929999999999997
1984,1.7309999999999994
1984,2.0319999999999996
1985,1.8790000000000002
1985,1.778
1985,2.349
1985,2.7439999999999993
1985,1.4169999999999998
1985,1.826
1985,1.4749999999999996
1985,1.5379999999999996
1985,1.629
1985,2.1090000000000004
1985,3.055
1985,1.2500000000000002
1986,2.818
1986,1.8410000000000004
1986,3.275
1986,2.3859999999999997
1986,1.5139999999999998
1986,2.1910000000000003
1986,1.3239999999999998
1986,1.7069999999999992
1986,2.5140000000000002
1986,1.7129999999999996
1986,1.714
1986,1.8870000000000002
1987,2.1910000000000003
1987,2.034
1987,3.535
1987,3.4949999999999997
1987,2.326999999999999
1987,1.8129999999999997
1987,0.9340000000000004
1987,1.4769999999999994
1987,2.311
1987,3.624
1987,2.3070000000000004
1987,2.1849999999999996
1988,2.322
1988,1.4299999999999993
1988,3.5
1988,2.27
1988,2.243999999999999
1988,1.541
1988,2.312
1988,2.4109999999999996
1988,2.629
1988,2.6620000000000004
1988,2.879000000000001
1988,2.7459999999999996
1989,1.6869999999999996
1989,2.1820000000000004
1989,2.5279999999999996
1989,3.0340000000000007
1989,1.9849999999999997
1989,2.2629999999999995
1989,1.2710000000000001
1989,0.8810000000000003
1989,1.215
1989,2.527
1989,3.082
1989,4.589999999999999
1990,3.4279999999999995
1990,2.326
1990,3.325
1990,2.9150000000000005
1990,1.501
1990,2.013
1990,1.5110000000000001
1990,1.0210000000000001
1990,2.0029999999999997
1990,2.2209999999999996
1990,1.796
1990,1.8070000000000004
1991,2.331
1991,1.539
1991,2.256
1991,1.8009999999999995
1991,2.7939999999999996
1991,1.5819999999999999
1991,1.2379999999999995
1991,1.7009999999999994
1991,2.199
1991,1.4969999999999997
1991,1.669999999999999
1991,2.482
1992,1.7589999999999995
1992,2.1119999999999997
1992,1.6689999999999998
1992,1.2539999999999996
1992,2.0019999999999993
1992,1.4769999999999994
1992,0.9580000000000004
1992,1.5449999999999997
1992,2.047
1992,1.9800000000000002
1992,1.6060000000000003
1992,1.5480000000000003
1993,2.701
1993,2.2649999999999997
1993,1.9129999999999991
1993,2.7930000000000006
1993,1.211
1993,1.8800000000000001
1993,1.5219999999999998
1993,1.4869999999999994
1993,2.365999999999999
1993,1.616
1993,2.5589999999999997
1993,1.7700000000000002
1994,3.5709999999999997
1994,1.4509999999999992
1994,1.461
1994,2.954999999999999
1994,1.3009999999999997
1994,2.723
1994,2.3900000000000006
1994,2.149
1994,1.7149999999999996
1994,1.5370000000000001
1994,3.22
1994,2.589999999999999
1995,1.5099999999999998
1995,4.049000000000001
1995,1.8729999999999996
1995,3.1409999999999996
1995,1.0000000000000002
1995,2.014
1995,1.37
1995,2.962
1995,1.8539999999999994
1995,1.8959999999999997
1995,1.4709999999999999
1995,1.2810000000000001
1996,2.7840000000000003
1996,1.6859999999999997
1996,2.2640000000000002
1996,1.7909999999999997
1996,1.6419999999999995
1996,2.064999999999999
1996,1.560999999999999
1996,1.3479999999999996
1996,4.1049999999999995
1996,2.5389999999999997
1996,1.5730000000000004
1996,3.395
1997,1.353
1997,1.4849999999999999
1997,1.2439999999999996
1997,2.705
1997,2.039
1997,1.9359999999999995
1997,1.467
1997,1.268
1997,1.595999999999999
1997,1.5739999999999992
1997,3.04
1997,2.357999999999999
1998,3.2940000000000005
1998,6.878
1998,2.105
1998,2.3850000000000002
1998,2.878
1998,1.906
1998,1.8930000000000002
1998,1.614
1998,2.6359999999999983
1998,2.7970000000000006
1998,2.3040000000000003
1998,1.386
1999,1.3870000000000002
1999,3.4859999999999998
1999,1.4149999999999994
1999,0.9100000000000004
1999,1.1900000000000004
1999,1.334
1999,0.7230000000000003
1999,1.0260000000000005
1999,1.6419999999999997
1999,1.991
1999,2.2469999999999994
1999,1.2470000000000006
2000,2.7540000000000004
2000,3.294999999999999
2000,0.8830000000000005
2000,0.9540000000000004
2000,1.1050000000000002
2000,1.5350000000000004
2000,1.4699999999999995
2000,1.3139999999999998
2000,1.482
2000,2.111
2000,0.9090000000000003
2000,3.519000000000001
2001,2.359
2001,3.3989999999999996
2001,1.5470000000000002
2001,2.075
2001,1.1210000000000002
2001,2.561
2001,1.0150000000000006
2001,1.2800000000000002
2001,1.0940000000000003
2001,1.9570000000000007
2001,1.9080000000000004
2001,0.6700000000000004
2002,3.157
2002,1.164
2002,3.333
2002,2.3580000000000005
2002,2.427
2002,1.8389999999999997
2002,1.6090000000000002
2002,1.879
2002,1.3829999999999991
2002,1.7229999999999994
2002,2.725
2002,2.123
2003,2.979999999999999
2003,3.5910000000000006
2003,1.7820000000000003
2003,1.9839999999999998
2003,1.2009999999999998
2003,1.4989999999999997
2003,1.708
2003,1.6669999999999998
2003,2.154
2003,1.963
2003,1.3679999999999997
2003,1.1160000000000003
2004,1.3149999999999997
2004,1.908
2004,2.557
2004,1.8859999999999997
2004,1.6809999999999998
2004,2.8149999999999995
2004,2.7020000000000004
2004,1.767
2004,1.1590000000000003
2004,1.5759999999999992
2004,1.4150000000000003
2004,2.3649999999999998
2005,2.2719999999999994
2005,3.1849999999999996
2005,1.7810000000000001
2005,2.7570000000000006
2005,2.589
2005,1.3109999999999997
2005,1.5919999999999994
2005,1.1100000000000003
2005,1.4069999999999998
2005,1.806
2005,2.5599999999999996
2005,2.2999999999999994
2006,2.1209999999999996
2006,1.8049999999999988
2006,1.7710000000000001
2006,1.8159999999999992
2006,2.01
2006,1.8130000000000002
2006,1.9919999999999998
2006,1.1340000000000003
2006,2.154999999999999
2006,1.434
2006,2.5
2006,2.09
2007,1.458
2007,4.315
2007,3.6359999999999992
2007,1.600999999999999
2007,2.594
2007,1.1260000000000001
2007,1.5349999999999995
2007,1.121
2007,2.1109999999999993
2007,1.121
2007,2.008
2007,1.8429999999999993
2008,1.9739999999999995
2008,2.3419999999999996
2008,2.4619999999999997
2008,1.6489999999999998
2008,2.146
2008,1.9949999999999999
2008,1.4640000000000002
2008,1.5619999999999994
2008,1.8579999999999994
2008,1.1610000000000005
2008,1.3590000000000002
2008,3.6790000000000003
2009,3.4949999999999997
2009,2.8930000000000002
2009,1.262
2009,1.6229999999999996
2009,1.5810000000000002
2009,2.9749999999999996
2009,1.9439999999999997
2009,1.1220000000000003
2009,2.1399999999999997
2009,2.3
2009,3.8520000000000003
2009,2.411
2010,1.721
2010,2.823
2010,5.053999999999999
2010,2.3770000000000002
2010,1.5869999999999997
2010,2.122
2010,2.0469999999999993
2010,1.5600000000000003
2010,1.6329999999999998
2010,2.5549999999999997
2010,2.234
2010,3.669999999999999
2011,2.4579999999999997
2011,2.397
2011,1.59
2011,1.8459999999999999
2011,2.997999999999999
2011,2.2790000000000004
2011,1.6969999999999998
2011,2.356
2011,2.8710000000000013
2011,2.9519999999999995
2011,1.5469999999999997
2011,1.4409999999999998
2012,2.3539999999999996
2012,1.1820000000000002
2012,1.6119999999999999
2012,1.5709999999999997
2012,1.323
2012,3.7890000000000015
2012,1.7199999999999993
2012,1.358
2012,2.064999999999999
2012,2.4319999999999995
2012,2.08
2012,2.837
2013,1.786
2013,1.0220000000000005
2013,2.6639999999999997
2013,1.653
2013,1.7700000000000002
2013,1.4359999999999997
2013,1.1800000000000002
2013,1.0630000000000004
2013,1.0190000000000001
2013,1.187
2013,2.759
2013,1.5250000000000004
2014,1.6529999999999996
2014,2.1650000000000005
2014,1.689
2014,1.2970000000000002
2014,1.4480000000000004
2014,0.9510000000000005
2014,0.9630000000000001
2014,1.875
2014,1.3849999999999996
2014,2.139
2014,1.6460000000000001
2014,2.0269999999999997
2015,2.394
2015,2.4080000000000004
2015,3.605999999999999
2015,1.8960000000000006
2015,3.1450000000000005
2015,1.382
2015,1.726
2015,1.3650000000000002
2015,1.3650000000000002
2015,2.8669999999999995
2015,2.6450000000000005
2015,3.2750000000000004
2016,3.226
2016,1.6369999999999996
2016,1.302
2016,2.2489999999999997
2016,1.6709999999999994
2016,1.7129999999999999
2016,1.258
2016,2.3649999999999998
2016,1.952
2016,2.2249999999999996
2016,2.013
2016,1.501
2017,1.5639999999999996
2017,1.311
2017,3.694
2017,2.1829999999999994
2017,2.8180000000000005
2017,1.3399999999999999
2017,1.2850000000000001
2017,1.8479999999999999
2017,2.4699999999999998
2017,1.9769999999999996
2017,1.715
2017,1.8680000000000003
2018,3.7250000000000005
2018,2.078
2018,3.6509999999999994
2018,0.8720000000000004
2018,1.4959999999999996
2018,2.5189999999999997
2018,1.9910000000000003
2018,1.889
2018,3.6740000000000004
2018,2.1239999999999997
2018,1.5789999999999997
2018,3.284
2019,2.3700000000000006
2019,2.769
2019,2.5079999999999987
2019,1.5259999999999998
2019,3.217
2019,2.359
2019,2.9829999999999997
2019,2.5300000000000002
2019,2.4
2019,4.7
2019,3.0130000000000003
2019,2.1149999999999998
2020,2.243
2020,1.2639999999999998
2020,2.0479999999999996
2020,3.4980000000000007
2020,1.3770000000000002
2020,2.3639999999999994
2020,2.62
2020,2.176999999999999
2020,2.7019999999999986
2020,2.048
2020,2.619
2020,1.635
2021,3.0740000000000007
2021,2.7099999999999995
2021,2.5160000000000005
2021,1.8479999999999992
2021,1.8900000000000001
2021,1.3989999999999998
2021,1.6099999999999992
2021,1.6799999999999997
2021,1.478
2021,3.8120000000000003
2021,2.1019999999999994
2021,1.5139999999999993
2022,2.432999999999999
2022,2.7479999999999998
2022,1.7409999999999997
2022,1.4120000000000004
2022,2.763
2022,1.8139999999999998
2022,1.0330000000000001
2022,1.0970000000000002
2022,1.7590000000000001
2022,2.009
2022,2.129
2022,3.6480000000000006
2023,3.3810000000000007
2023,1.5750000000000002
2023,4.492
2023,3.219
2023,2.3089999999999997
2023,3.7580000000000005
2023,2.611
2023,2.1449999999999996
2023,2.7730000000000006
2023,3.9809999999999994
2023,3.865
2023,4.013000000000001
2024,4.401999999999999
2024,5.653000000000001
2024,3.801
2024,4.436
2024,4.095
2024,1.8759999999999992
2024,1.229
2024,1.7729999999999997
2024,4.829
2024,1.8569999999999998
2024,2.7330000000000005
