1947 59342054.10189202
1948 60102636.39594214
1949 60979364.66599407
1950 62023699.073329866
1951 62919484.38383564
1952 63528574.885089315
1953 64184590.767519414
1954 64918370.625618234
1955 65480044.79409404
1956 66427053.621775575
1957 67326816.87313029
1958 68278317.09930854
1959 69218374.91341972
1960 70146364.68246034
1961 70827975.07147637
1962 71549288.92857635
1963 72317389.26822689
1964 73021194.94729611
1965 73723519.54178594
1966 74514451.26543294
1967 75263827.35925648
1968 75990595.92758735
1969 76866492.26983576
1970 77672094.25375558
1971 78289324.03048621
1972 79088222.77451235
1973 79786869.36647125
1974 80390433.52384032
1975 81114802.0898156
1976 81725476.50914435
1977 82379616.04607737
1978 82964746.39774433
1979 83558067.02309771
1980 84129804.60680327
1981 84757578.64359117
1982 85471609.98143223
1983 86219918.15906334
1984 87063491.7427012
1985 87872136.40125631
1986 88319091.51181917
1987 88871162.2569208
1988 89324468.06358802
1989 90091278.98486072
1990 90645716.7627485
1991 91160436.0917947
1992 91622049.6120003
1993 91997759.65900435
1994 92455819.8826827
1995 93221529.5688098
1996 93712113.85049972
1997 94222904.85064173
1998 94695828.34525228
1999 95233540.27595344
2000 95817017.38942048
2001 96254824.25997582
2002 96802705.79621577
2003 97277652.18221456
2004 97710992.78365812
2005 98165170.71430878
2006 98586277.90241034
2007 98917698.15518807
2008 99316367.91868605
2009 99704446.63706055
2010 100057330.21563253
2011 100429212.824117
2012 100859207.12903416
2013 101348989.82133995
2014 101859546.23361312
2015 102365730.21308498
2016 102782152.96873154
2017 103217903.87703042
2018 103600705.92513995
2019 104161892.16892897
2020 104593274.68830036
2021 105358183.18099445
2022 105860686.96412815
2023 106420968.6721507
2024 107017514.72936347
2025 107682208.85305575
2026 108190039.96376236
2027 108954715.86374895
2028 109609413.7899294
2029 110131474.97205226
2030 110643189.01760042
