1590 5294096.542609533
1591 5352736.061716912
1592 5388516.526491353
1593 5471150.092960522
1594 5553598.752800274
1595 5577330.924834145
1596 5612552.908047056
1597 5623630.722416468
1598 5720139.006553298
1599 5779563.679079487
1600 5815698.304899912
1601 5875999.895933879
1602 5900329.660795925
1603 5912184.656403368
1604 5983006.592578235
1605 6018507.560791667
1606 6054833.639217163
1607 6066186.373598055
1608 6066912.446336066
1609 6091766.736172481
1610 6103443.308499767
1611 6104019.1118716765
1612 6116802.4953781385
1613 6128383.655303556
1614 6176926.8780185385
1615 6141818.733635794
1616 6141818.733635794
1617 6166837.4558404125
1618 6144728.060967326
1619 6146372.284380771
1620 6207272.154415017
1621 6243912.918366499
1622 6210327.912094276
1623 6246563.902145833
1624 6225305.580663051
1625 6216583.43336791
1626 6218071.088917775
1627 6266887.576714955
1628 6255383.749894963
1629 6267880.457986322
1630 6305322.433905095
1631 6367280.138481414
1632 6379950.756085086
1633 6404228.3160234485
1634 6429140.284410033
1635 6490151.360041304
1636 6514686.937918609
1637 6587300.252936881
1638 6599996.991338346
1639 6696574.27604685
1640 6770452.677930754
1641 6807291.739569195
1642 6892233.456633051
1643 6941117.229642408
1644 6978430.37163604
1645 7050478.542948274
1646 7086574.054845855
1647 7159018.087957164
1648 7220422.759980288
1649 7268547.724727855
1650 7305105.45752068
1651 7366566.591114689
1652 7438487.020035201
1653 7498278.079661641
1654 7533670.299070477
1655 7582733.981050384
1656 7642725.78231715
1657 7691244.958369637
1658 7774941.811775007
1659 7810304.442817853
1660 7858778.876871818
1661 7979012.255177672
1662 8014716.9662036095
1663 8074505.400654918
1664 8110109.385811747
1665 8134457.958226899
1666 8171308.244819612
1667 8205809.189191906
1668 8229639.056228431
1669 8265173.7818216495
1670 8301081.750678172
1671 8350145.43265808
1672 8443574.862377597
1673 8454091.321682751
1674 8489410.999898314
1675 8512330.832525427
1676 8583466.016763553
1677 8619471.822820162
1678 8667268.871552952
1679 8727349.836401764
1680 8773363.574220655
1681 8783856.104774693
1682 8832212.096322011
1683 8891110.044264043
1684 8913886.759425066
1685 8938478.85732789
1686 8973803.617621081
1687 8997799.6760568
1688 9056691.928699475
1689 9068214.578674836
1690 9115590.354877628
1691 9140257.488232542
1692 9186941.403535513
1693 9246748.497197872
1694 9283355.447334277
1695 9331447.381255263
1696 9389045.033931205
1697 9458876.083739318
1698 9603478.446165163
1699 9698270.673810976
1700 9770980.046464395
1701 9866236.798141371
1702 9949190.209505558
1703 10021679.308289183
1704 10081731.62914234
1705 10141599.71722668
1706 10175995.086434618
1707 10309108.459607465
1708 10393160.812063772
1709 10429810.514141956
1710 10478386.563590355
1711 10548303.001869962
1712 10621011.106597338
1713 10631813.980972648
1714 10666312.582881376
1715 10702101.125257947
1716 10701972.331975373
1717 10761392.201459061
1718 10833332.71849457
1719 10858128.620034913
1720 10893342.94690157
1721 10892944.333022268
1722 10928615.325825002
1723 10903544.685685938
1724 10891104.531088574
1725 10820273.22963571
1726 10796844.73543898
1727 10785421.7459015
1728 10761586.91180958
1729 10773839.096249934
1730 10751433.65139293
1731 10715753.319185007
1732 10669876.554099701
1733 10598515.203517884
1734 10597734.354129845
1735 10548010.028423145
1736 10522466.253594374
1737 10474332.445078487
1738 10413500.130992666
1739 10351735.11111527
1740 10363116.208906503
1741 10300840.612419521
1742 10287305.97802559
1743 10226336.668300921
1744 10165652.964663863
1745 10139582.51933669
1746 10103043.00634348
1747 10089648.325070372
1748 10051042.031998081
1749 10025209.793891925
1750 9976997.212406002
1751 10021481.16351908
1752 10055007.505633015
1753 10077159.791059706
1754 10134165.565085795
1755 10204991.917014364
1756 10238522.340805657
1757 10351739.432831578
1758 10454098.333390072
1759 10568299.542478656
1760 10697465.137025146
1761 10861059.973040339
1762 10966557.437704219
1763 11071969.768501995
1764 11262973.022628777
1765 11402155.666332146
1766 11553984.968731707
1767 11798665.906477952
1768 11950199.119339127
1769 12155883.498623928
1770 12374980.740491834
1771 12628641.700535316
1772 12789039.00624465
1773 13057421.84485841
1774 13248342.794925107
1775 13499401.825670352
1776 13729433.484592091
1777 13937027.633314222
1778 14256724.178816266
1779 14481309.842505343
1780 14683369.2511521
1781 14912138.334463812
1782 15139534.85630991
1783 15395772.44338741
1784 15679309.261341525
1785 15846714.807371343
1786 15982619.239201445
1787 16327911.05573248
1788 16526149.130403006
1789 16765152.423891954
1790 16895781.629091088
1791 17147160.918737713
1792 17348233.615814906
1793 17586009.049127854
1794 17728274.35859873
1795 17886527.024508737
1796 18102544.677087013
1797 18348112.86751731
1798 18587906.252008416
1799 18801501.57900567
1800 19028968.347692452
1801 19198548.388223376
1802 19492823.016850155
1803 19742547.989512697
1804 20011326.190500498
1805 20230231.99144961
1806 20467956.780543033
1807 20736501.51821786
1808 21026680.67441971
1809 21294170.16464633
1810 21507712.11272826
1811 21815555.10702891
1812 22029257.81927469
1813 22373231.379459802
1814 22555239.847865414
1815 22917900.798417132
1816 23167394.422560226
1817 23497210.04489732
1818 23819012.91462445
1819 24034690.658120386
1820 24345375.377988186
1821 24561437.002176028
1822 24957030.842670087
1823 25235462.441677574
1824 25530234.996658396
1825 25759751.596787974
1826 26111100.952139102
1827 26329313.357038327
1828 26569767.662054203
1829 26732190.952646885
1830 26901819.852713525
1831 27055213.146142628
1832 27168257.779795825
1833 27314596.7900346
1834 27455313.54706023
1835 27589964.29289585
1836 27774327.634360056
1837 27835089.0697371
1838 28073921.91883687
1839 28258160.436664335
1840 28431769.47464457
1841 28690894.71037013
1842 28862711.786553457
1843 29065524.875123136
1844 29264014.399608895
1845 29490937.23772685
1846 29765817.43487644
1847 29989406.398213934
1848 30279193.76675936
1849 30495183.081980046
1850 30820536.602146566
1851 31160993.412552197
1852 31491610.19164166
1853 31809091.0721412
1854 32107166.50330385
1855 32367593.978651434
1856 32764433.004208386
1857 32997007.007767286
1858 33321405.174855195
1859 33589259.20677399
1860 33946416.267779745
1861 34314290.446963824
1862 34638302.05040379
1863 34979332.34891
1864 35305198.86060986
1865 35670277.33373616
1866 36015229.22724071
1867 36386405.84641195
1868 36784086.86993811
1869 37061455.72698012
1870 37540482.22294758
1871 37970944.699166216
1872 38384667.66658427
1873 38682259.69741198
1874 39230170.60443658
1875 39638388.42441683
1876 40105493.326823026
1877 40509386.64563646
1878 40964071.489451095
1879 41508778.16888762
1880 41940057.85328635
1881 42391420.85136198
1882 42873371.27424678
1883 43376988.361384094
1884 43698451.239545524
1885 44185894.0914535
1886 44529127.98859649
1887 44841943.92240233
1888 45183094.87144833
1889 45465752.547056384
1890 45879711.482262865
1891 46047825.15596521
1892 46398328.071469575
1893 46655017.04011835
1894 46756095.63664949
1895 46909372.655717865
1896 47041868.02210609
1897 47135513.01188614
1898 47253042.944696255
1899 47313820.500100575
1900 45317076.41461041
1901 45441400.34545831
1902 45471349.573330075
1903 45609569.39508343
1904 45663823.11174575
1905 45690258.50133351
1906 45743170.4738089
1907 45941623.548670046
1908 45967383.09284402
1909 46110299.36934102
1910 46140968.30171496
1911 46273126.06992832
1912 46450698.085926026
1913 46652922.50545795
1914 46787660.90678691
1915 46906937.935769044
1916 47166664.25577879
1917 47431761.92600409
1918 47689586.251640305
1919 47866077.7394007
1920 48044990.983359076
1921 48471504.39809482
1922 48747814.44766177
1923 49045565.85772124
1924 49324018.96237773
1925 49608921.78448419
1926 49969009.810113356
1927 50309504.64777438
1928 50742023.327941366
1929 51039129.12273453
1930 51480326.470447436
1931 51764609.45714615
1932 52038304.14453482
1933 52477458.33535598
1934 52752662.479271084
1935 53200246.30039109
1936 53561066.86799489
1937 53863068.959937304
1938 54166772.10269874
1939 54601469.981640905
1940 55110153.09591724
1941 55584251.93761789
1942 56081953.43458458
1943 56551643.005224265
1944 57235285.61726212
1945 57822359.26025207
1946 58501999.73285293
1947 59342054.10189202
1948 60102636.39594214
1949 60979364.66599407
1950 62023699.073329866
1951 62919484.38383564
1952 63528574.885089315
1953 64184590.767519414
1954 64918370.625618234
1955 65480044.79409404
1956 66427053.621775575
1957 67326816.87313029
1958 68278317.09930854
1959 69218374.91341972
1960 70146364.68246034
1961 70827975.07147637
1962 71549288.92857635
1963 72317389.26822689
1964 73021194.94729611
1965 73723519.54178594
1966 74514451.26543294
1967 75263827.35925648
1968 75990595.92758735
1969 76866492.26983576
1970 77672094.25375558
1971 78289324.03048621
1972 79088222.77451235
1973 79786869.36647125
1974 80390433.52384032
1975 81114802.0898156
1976 81725476.50914435
1977 82379616.04607737
1978 82964746.39774433
1979 83558067.02309771
1980 84129804.60680327
1981 84757578.64359117
1982 85471609.98143223
1983 86219918.15906334
1984 87063491.7427012
1985 87872136.40125631
1986 88319091.51181917
1987 88871162.2569208
1988 89324468.06358802
1989 90091278.98486072
1990 90645716.7627485
1991 91160436.0917947
1992 91622049.6120003
1993 91997759.65900435
1994 92455819.8826827
1995 93221529.5688098
1996 93712113.85049972
1997 94222904.85064173
1998 94695828.34525228
1999 95233540.27595344
2000 95817017.38942048
2001 96254824.25997582
2002 96802705.79621577
2003 97277652.18221456
2004 97710992.78365812
2005 98165170.71430878
2006 98586277.90241034
2007 98917698.15518807
2008 99316367.91868605
2009 99704446.63706055
2010 100057330.21563253
2011 100429212.824117
2012 100859207.12903416
2013 101348989.82133995
2014 101859546.23361312
2015 102365730.21308498
2016 102782152.96873154
2017 103217903.87703042
2018 103600705.92513995
2019 104161892.16892897
2020 104593274.68830036
2021 105358183.18099445
2022 105860686.96412815
2023 106420968.6721507
2024 107017514.72936347
2025 107682208.85305575
2026 108190039.96376236
2027 108954715.86374895
2028 109609413.7899294
2029 110131474.97205226
2030 110643189.01760042