-0.36040383736631354 0.042841588442508745 1856.0
-0.3606351259632868 0.04281801712814182 1857.0
-0.36084982996343384 0.042786028702286004 1858.0
-0.36095755475587615 0.04276685964385563 1859.0
-0.3608837468481473 0.04279643740761583 1860.0
-0.3605523328344616 0.042923059032185615 1861.0
-0.3600219813954787 0.04309572691003646 1862.0
-0.359403406158788 0.043269845344034066 1863.0
-0.3587365699647543 0.043405542191349705 1864.0
-0.3580245563966891 0.043477904768821025 1865.0
-0.35734126277546185 0.04345821564438222 1866.0
-0.35666329128006524 0.043394715015083116 1867.0
-0.35595218876164975 0.04331450070053589 1868.0
-0.3552373148983803 0.04326526204563058 1869.0
-0.3545352525858874 0.043255113128925354 1870.0
-0.3538452482881108 0.04329002005580078 1871.0
-0.35313642402925016 0.04333467572603138 1872.0
-0.3523605947775826 0.04335183948522297 1873.0
-0.35149817963165314 0.04335783658241032 1874.0
-0.35057777439292676 0.043405819998217146 1875.0
-0.34964525017864667 0.043550618102112144 1876.0
-0.3487216249149331 0.043763192938305245 1877.0
-0.3477940675260279 0.044004447308053 1878.0
-0.3468852372387409 0.04423396849904861 1879.0
-0.3460005824076842 0.04440963082802576 1880.0
-0.3451432902092353 0.04450779836575159 1881.0
-0.344259165380011 0.044540395304912335 1882.0
-0.34334590020285266 0.044525818709971 1883.0
-0.34238385711516994 0.044480052150825254 1884.0
-0.34137458102953055 0.044391345594837955 1885.0
-0.34035188906659886 0.04427043921483924 1886.0
-0.3393315171569752 0.044131694195536225 1887.0
-0.33839691030568103 0.04401014408401126 1888.0
-0.33754500885601985 0.04392930513856618 1889.0
-0.3366885304676891 0.04388357602528265 1890.0
-0.3360552770044703 0.04361017524199366 1891.0
-0.33586288238936685 0.04291778587056905 1892.0
-0.3361316854536998 0.041903160830625966 1893.0
-0.33677243068609425 0.04069430472240162 1894.0
-0.33760778307559214 0.039432817326119314 1895.0
-0.33847777128285855 0.03828343773797849 1896.0
-0.33917645791391704 0.03737352844901671 1897.0
-0.33957149336617815 0.03681131549312203 1898.0
-0.339539941673187 0.0366160433138907 1899.0
-0.3390515857637959 0.0367489677091787 1900.0
-0.33833757096105 0.03701813520507962 1901.0
-0.337605360733386 0.03728987135370894 1902.0
-0.3368902961769021 0.037562072854488905 1903.0
-0.33615768592167616 0.03783088945259403 1904.0
-0.33544222179576355 0.03810020687665686 1905.0
-0.3349593418834873 0.038329622573545115 1906.0
-0.33449365178847285 0.0385602547430346 1907.0
-0.3340104738735208 0.03878812028374684 1908.0
-0.33352714924311433 0.03901520335199585 1909.0
-0.33306101225516893 0.039243546201268555 1910.0
-0.3321691245347448 0.03950293622576949 1911.0
-0.331277066432337 0.03976044209032409 1912.0
-0.33040216764579566 0.040018162328844406 1913.0
-0.3294917483236248 0.040275551810217504 1914.0
-0.3285984854924334 0.040533124382432666 1915.0
-0.3274922372733748 0.040802923521633505 1916.0
-0.32638510500428475 0.04107577678538221 1917.0
-0.32526048703291727 0.041343748254873275 1918.0
-0.3241537452135832 0.0416055604770492 1919.0
-0.3230288114932755 0.04186812518136927 1920.0
-0.3213996393589141 0.042347305963045 1921.0
-0.31975333922911836 0.042811896049754994 1922.0
-0.3181049990817961 0.04328088079160176 1923.0
-0.3164561185101581 0.04374304097786459 1924.0
-0.31480594764660796 0.04420387085548117 1925.0
-0.3130595139581271 0.04471106624587123 1926.0
-0.31129359662982414 0.04521863636113266 1927.0
-0.309526253378332 0.045723420776411894 1928.0
-0.3077394207878331 0.046228105503034765 1929.0
-0.3059347266111769 0.04672169773985757 1930.0
-0.3040547563514823 0.04711906979705729 1931.0
-0.3021564558065087 0.0475109634961201 1932.0
-0.3002381772001585 0.04790764591680113 1933.0
-0.298283519558796 0.048300703135103616 1934.0
-0.29629166013000047 0.048694864595247425 1935.0
-0.29451636365779554 0.04894700928951519 1936.0
-0.29272133565277547 0.049205363977688495 1937.0
-0.29090829596033174 0.0494593976359693 1938.0
-0.2890583298294014 0.04971605232515308 1939.0
-0.28717232278699356 0.04996982845554064 1940.0
-0.28501634151862393 0.04993812506463669 1941.0
-0.2828410290156459 0.0499132255829697 1942.0
-0.2806111714032633 0.0498935139977952 1943.0
-0.27836291951165437 0.04987476560879343 1944.0
-0.27607738325369885 0.049863213456749315 1945.0
-0.2735695760380128 0.04999721446911189 1946.0
-0.27102546437572944 0.050128859425155006 1947.0
-0.26848028926725925 0.050259270514791586 1948.0
-0.2658988960668784 0.05038632731683836 1949.0
-0.26331650780961746 0.05051138120264797 1950.0
-0.2614612748384579 0.05063825238628688 1951.0
-0.2595334850860637 0.050767931671336725 1952.0
-0.25756833149765 0.05090180518076155 1953.0
-0.255546949634643 0.05104476671526452 1954.0
-0.25347027507582737 0.05119144533157371 1955.0
-0.2531272563425927 0.05077280588131184 1956.0
-0.25278357369683857 0.05035516664009305 1957.0
-0.25245809382528683 0.04993310325290671 1958.0
-0.2521310698218096 0.049516420045968755 1959.0
-0.2518042394552681 0.04909631133333274 1960.0
-0.25067453213094504 0.049144040925858015 1961.0
-0.24950988863945026 0.04918710018936432 1962.0
-0.24834457185623776 0.04923210880073546 1963.0
-0.24716146682394088 0.04927559375467518 1964.0
-0.2459785598028591 0.04931657613543966 1965.0
-0.2451673695469668 0.04883354956334589 1966.0
-0.24435535512546838 0.04835263988638301 1967.0
-0.243560481711208 0.047872963905633475 1968.0
-0.24274765416092256 0.0473920478717139 1969.0
-0.24196826621302514 0.04691992599871599 1970.0
-0.24106242824663737 0.04645621456033788 1971.0
-0.24017298605519066 0.04599793551378293 1972.0
-0.23928360400215168 0.04553759119764514 1973.0
-0.2384114112117802 0.045078471890773374 1974.0
-0.2375220924122717 0.04461411948144467 1975.0
-0.23479047819555693 0.04496707749141997 1976.0
-0.23204068295999192 0.04530591146223177 1977.0
-0.2293078410507827 0.04563296852066445 1978.0
-0.2265561873724352 0.04594927128784364 1979.0
-0.2238037157817753 0.04625383572963432 1980.0
-0.22196385144967445 0.04661330222633725 1981.0
-0.22012317156203243 0.04696533321860868 1982.0
-0.21829711710704386 0.04732115306271115 1983.0
-0.216470270669819 0.04766933556840864 1984.0
-0.21464183170853873 0.04801353541000867 1985.0
-0.21210139684102736 0.048250546190724 1986.0
-0.20954169345725115 0.04848053033258689 1987.0
-0.2069959441179226 0.048714384129929136 1988.0
-0.20443105305724651 0.048939950243239466 1989.0
-0.20187932645316603 0.049171815658992465 1990.0
-0.19838352257767294 0.049425792214317206 1991.0
-0.19489895595434334 0.04968274358421866 1992.0
-0.19142745799552158 0.04993447900327117 1993.0
-0.1879496659598338 0.050185209345520475 1994.0
-0.18446664278648375 0.05042975958465859 1995.0
-0.17754846890013584 0.050927972616188553 1996.0
-0.1704687418000205 0.051431838708372736 1997.0
-0.16324017339982602 0.05193966543064132 1998.0
-0.15589153244289214 0.05245421016850672 1999.0
-0.14840147776898702 0.052960158594304634 2000.0
-0.13968142180748122 0.05364105242829896 2001.0
-0.13091869714980173 0.05431398375462791 2002.0
-0.12215242886192894 0.05497693717873713 2003.0
-0.11342663184052705 0.05561378202134763 2004.0
-0.10479288171857744 0.056231844125862365 2005.0
-0.09612369747853863 0.05682928215313909 2006.0
-0.08768274615647109 0.05741295846238932 2007.0
-0.07949344636271573 0.05796761811474161 2008.0
-0.07160720680121666 0.05850345789016784 2009.0
-0.0637388344109567 0.05909310319835085 2010.0
-0.05469334436671401 0.05948689980331564 2011.0
-0.045963971409102064 0.059855976470501754 2012.0
-0.03759610255159853 0.06020842261777088 2013.0
-0.02961060787122231 0.06055240805105874 2014.0
-0.021695792292924117 0.06073089695176341 2015.0
-0.013037122934240284 0.06026852553634912 2016.0
-0.004730861178827697 0.05981763397250074 2017.0
0.0032099542775197087 0.05928927037541754 2018.0
0.010797618184040953 0.058918464788803464 2019.0
0.018026375787704333 0.058475790428225954 2020.0
0.02476621066881676 0.05774492678619931 2021.0
0.03124888198506225 0.05701109067639021 2022.0
0.03748189466860589 0.056274044066962084 2023.0
0.04348592639506835 0.055549452925540845 2024.0
0.049252260571334305 0.05480973314712152 2025.0
