0.0 0.0 1856.0
-0.0002312885969733003 -2.3571314366900575e-05 1857.0
-0.0004459925971203038 -5.555974022270621e-05 1858.0
-0.0005537173895626135 -7.472879865310506e-05 1859.0
-0.00047990948183379567 -4.515103489290129e-05 1860.0
-0.0001484954681481021 8.147058967689774e-05 1861.0
0.00038185597083478795 0.0002541384675276981 1862.0
0.001000431207525465 0.0004282569015252938 1863.0
0.0016672674015592026 0.0005639537488409951 1864.0
0.0023792809696243644 0.0006363163263122945 1865.0
0.0030625745908516855 0.0006166272018734986 1866.0
0.0037405460862482975 0.0005531265725743986 1867.0
0.004451648604663794 0.00047291225802709863 1868.0
0.005166522467933199 0.00042367360312179497 1869.0
0.005868584780426067 0.0004135246864165956 1870.0
0.00655858907820267 0.00044843161329199965 1871.0
0.0072674133370633776 0.0004930872835225975 1872.0
0.008043242588730903 0.0005102510427141965 1873.0
0.0089056577346604 0.0005162481399015942 1874.0
0.009826062973386784 0.0005642315557083943 1875.0
0.010758587187666868 0.0007090296596033996 1876.0
0.011682212451380403 0.0009216044957964936 1877.0
0.012609769840285612 0.0011628588655442987 1878.0
0.013518600127572611 0.0013923800565398964 1879.0
0.014403254958629264 0.001568042385516999 1880.0
0.015260547157078197 0.0016662099232427965 1881.0
0.016144671986302483 0.001698806862403597 1882.0
0.01705793716346088 0.0016842302674622972 1883.0
0.018019980251143597 0.0016384637083164955 1884.0
0.019029256336782985 0.0015497571523291967 1885.0
0.020051948299714684 0.0014288507723304936 1886.0
0.021072320209338302 0.0012901057530274943 1887.0
0.02200692706063251 0.0011685556415024986 1888.0
0.022858828510293694 0.0010877166960573947 1889.0
0.02371530689862439 0.0010419875827738997 1890.0
0.024348560361843186 0.0007685867994848966 1891.0
0.024540954976946694 7.619742806029561e-05 1892.0
0.02427215191261367 -0.0009384276118828 1893.0
0.02363140668021929 -0.0021472837201071057 1894.0
0.0227960542907214 -0.003408771116389403 1895.0
0.021926066083454987 -0.004558150704530306 1896.0
0.0212273794523965 -0.005468059993492001 1897.0
0.020832344000135394 -0.006030272949386704 1898.0
0.020863895693126466 -0.006225545128618004 1899.0
0.02135225160251758 -0.006092620733330001 1900.0
0.02206626640526349 -0.005823453237429103 1901.0
0.0227984766329275 -0.0055517170887998055 1902.0
0.023513541189411402 -0.005279515588019805 1903.0
0.024246151444637376 -0.0050106989899147 1904.0
0.02496161557054999 -0.004741381565851903 1905.0
0.02544449548282618 -0.004511965868963602 1906.0
0.025910185577840694 -0.004281333699474102 1907.0
0.0263933634927927 -0.004053468158761904 1908.0
0.02687668812319921 -0.0038263850905129043 1909.0
0.02734282511114461 -0.003598042241240204 1910.0
0.028234712831568698 -0.0033386522167393046 1911.0
0.029126770933976476 -0.003081146352184705 1912.0
0.030001669720517876 -0.002823426113664304 1913.0
0.030912089042688662 -0.002566036632291206 1914.0
0.03180535187388006 -0.0023084640600761 1915.0
0.0329116000929387 -0.002038664920875205 1916.0
0.03401873236202879 -0.001765811657126505 1917.0
0.03514335033339627 -0.0014978401876355046 1918.0
0.036250092152730284 -0.0012360279654595047 1919.0
0.03737502587303798 -0.0009734632611394997 1920.0
0.039004198007399404 -0.0004942824794637035 1921.0
0.04065049813719518 -2.9692392753806474e-05 1922.0
0.04229883828451736 0.0004392923490929984 1923.0
0.04394771885615539 0.0009014525353557984 1924.0
0.045597889719705575 0.0013622824129723987 1925.0
0.047344323408186395 0.001869477803362496 1926.0
0.0491102407364894 0.0023770479186238994 1927.0
0.05087758398798148 0.0028818323339030935 1928.0
0.052664416578480366 0.0033865170605259995 1929.0
0.05446911075513661 0.003880109297348798 1930.0
0.05634908101483116 0.004277481354548494 1931.0
0.0582473815598048 0.0046693750536113965 1932.0
0.06016566016615499 0.005066057474292396 1933.0
0.06212031780751748 0.005459114692594899 1934.0
0.06411217723631307 0.005853276152738694 1935.0
0.065887473708518 0.006105420847006396 1936.0
0.06768250171353807 0.006363775535179694 1937.0
0.0694955414059818 0.006617809193460597 1938.0
0.0713455075369121 0.006874463882644295 1939.0
0.07323151457931998 0.007128240013031896 1940.0
0.07538749584768961 0.007096536622127898 1941.0
0.07756280835066759 0.007071637140460996 1942.0
0.07979266596305018 0.007051925555286498 1943.0
0.08204091785465917 0.007033177166284696 1944.0
0.08432645411261469 0.007021625014240598 1945.0
0.08683426132830069 0.0071556260266031 1946.0
0.0893783729905841 0.007287270982646296 1947.0
0.09192354809905429 0.0074176820722828 1948.0
0.0945049412994351 0.007544738874329597 1949.0
0.09708732955669608 0.007669792760139196 1950.0
0.0989425625278556 0.0077966639437781 1951.0
0.10087035228024976 0.007926343228827994 1952.0
0.10283550586866347 0.008060216738252794 1953.0
0.10485688773167051 0.008203178272755796 1954.0
0.10693356229048617 0.008349856889064998 1955.0
0.10727658102372079 0.007931217438803095 1956.0
0.10762026366947497 0.007513578197584296 1957.0
0.1079457435410267 0.007091514810397999 1958.0
0.10827276754450388 0.006674831603459996 1959.0
0.1085995979110454 0.006254722890823995 1960.0
0.1097293052353685 0.006302452483349298 1961.0
0.11089394872686328 0.006345511746855596 1962.0
0.11205926551007578 0.006390520358226695 1963.0
0.11324237054237268 0.0064340053121663965 1964.0
0.11442527756345439 0.006474987692930895 1965.0
0.11523646781934668 0.005991961120837094 1966.0
0.11604848224084519 0.005511051443874294 1967.0
0.11684335565510548 0.005031375463124696 1968.0
0.11765618320539098 0.004550459429205199 1969.0
0.11843557115328837 0.0040783375562072 1970.0
0.1193414091196762 0.0036146261178290964 1971.0
0.12023085131112288 0.0031563470712741987 1972.0
0.12112023336416189 0.002696002755136394 1973.0
0.12199242615453329 0.002236883448264594 1974.0
0.12288174495404178 0.001772531038935897 1975.0
0.12561335917075658 0.0021254890489111958 1976.0
0.1283631544063216 0.0024643230197229984 1977.0
0.1310959963155308 0.0027913800781557002 1978.0
0.13384764999387827 0.0031076828453349 1979.0
0.1366001215845382 0.0034122472871255943 1980.0
0.13843998591663909 0.003771713783828498 1981.0
0.14028066580428109 0.004123744776099898 1982.0
0.14210672025926968 0.004479564620202395 1983.0
0.14393356669649449 0.004827747125899895 1984.0
0.14576200565777478 0.005171946967499896 1985.0
0.14830244052528618 0.005408957748215294 1986.0
0.15086214390906239 0.005638941890078096 1987.0
0.15340789324839088 0.0058727956874203985 1988.0
0.155972784309067 0.006098361800730694 1989.0
0.15852451091314748 0.0063302272164837 1990.0
0.1620203147886406 0.006584203771808496 1991.0
0.16550488141197017 0.006841155141709895 1992.0
0.168976379370792 0.007092890560762399 1993.0
0.17245417140647967 0.007343620903011695 1994.0
0.1759371945798298 0.007588171142149797 1995.0
0.1828553684661777 0.008086384173679795 1996.0
0.18993509556629298 0.008590250265863998 1997.0
0.1971636639664875 0.0090980769881326 1998.0
0.20451230492342137 0.009612621725998 1999.0
0.2120023595973265 0.010118570151795896 2000.0
0.2207224155588323 0.010799463985790195 2001.0
0.22948514021651178 0.011472395312119195 2002.0
0.2382514085043846 0.012135348736228395 2003.0
0.2469772055257865 0.012772193578838895 2004.0
0.25561095564773606 0.0133902556833536 2005.0
0.2642801398877749 0.0139876937106303 2006.0
0.2727210912098425 0.014571370019880597 2007.0
0.28091039100359777 0.015126029672232894 2008.0
0.28879663056509686 0.0156618694476591 2009.0
0.2966650029553568 0.0162515147558421 2010.0
0.3057104929995995 0.016645311360806894 2011.0
0.31443986595721146 0.017014388027992995 2012.0
0.322807734814715 0.017366834175262094 2013.0
0.33079322949509116 0.017710819608549998 2014.0
0.33870804507338936 0.017889308509254694 2015.0
0.3473667144320733 0.017426937093840397 2016.0
0.3556729761874859 0.016976045529991997 2017.0
0.3636137916438332 0.016447681932908798 2018.0
0.3712014555503544 0.016076876346294698 2019.0
0.37843021315401776 0.015634201985717196 2020.0
0.38517004803513016 0.014903338343690599 2021.0
0.3916527193513757 0.014169502233881498 2022.0
0.3978857320349193 0.013432455624453297 2023.0
0.4038897637613818 0.0127078644830321 2024.0
0.4096560979376478 0.011968144704612799 2025.0
