0.0 0.0 1856.0
-0.0005645921008809285 -5.7539273760519664e-05 1857.0
-0.001088700008044755 -0.00013562532207481688 1858.0
-0.0013516639746123814 -0.00018241837245757108 1859.0
-0.0011714935631368174 -0.00011021692370797701 1860.0
-0.00036248811843807077 0.00019887556925686988 1861.0
0.0009321378901891042 0.0006203702784043055 1862.0
0.002442124534608226 0.0010454058994390542 1863.0
0.004069919647120616 0.0013766516638713314 1864.0
0.005807995979072283 0.0015532939202312357 1865.0
0.007475964855081305 0.0015052313513156943 1866.0
0.009130942039138239 0.0013502217478488243 1867.0
0.010866794433367055 0.0011544128365421774 1868.0
0.01261185295164208 0.0010342177383776813 1869.0
0.014325637552987764 0.0010094435027290648 1870.0
0.016009987673125906 0.0010946538219483654 1871.0
0.017740278671915306 0.0012036615248860543 1872.0
0.019634133677549043 0.0012455594955937002 1873.0
0.021739351078855162 0.0012601988411754977 1874.0
0.02398612646767506 0.0013773298104161984 1875.0
0.026262485147491504 0.001730792396775743 1876.0
0.02851712084890899 0.002249702861585803 1877.0
0.030781355150741305 0.002838622130607694 1878.0
0.03299987525055764 0.003398899866374573 1879.0
0.03515938132287113 0.003827704246100508 1880.0
0.03725209324090386 0.0040673382664898295 1881.0
0.03941030554062378 0.0041469097395495595 1882.0
0.041639651525600195 0.004111327222861334 1883.0
0.04398806789856757 0.003999607760179819 1884.0
0.04645178341682899 0.003783068676704973 1885.0
0.048948248056511615 0.003487927506812995 1886.0
0.0514390492791972 0.0031492409353168277 1887.0
0.053720491825760865 0.002852528370468103 1888.0
0.05580004453826745 0.002655194690212709 1889.0
0.05789076988726753 0.0025435666355744005 1890.0
0.05943658713838822 0.0018761756589347383 1891.0
0.059906236232035504 0.00018600340247319677 1892.0
0.05925006861806308 -0.002290769297972551 1893.0
0.05768596341953159 -0.0052416740063611356 1894.0
0.055646808153191715 -0.008321055474458569 1895.0
0.05352310436446178 -0.011126773719413983 1896.0
0.05181756004429706 -0.01334792773992656 1897.0
0.050853250091998176 -0.014720330003007901 1898.0
0.050930270043977266 -0.015197003437662893 1899.0
0.05212238194429965 -0.014872525428041681 1900.0
0.053865343434048 -0.014215468210399899 1901.0
0.05565272126474624 -0.013552140726695118 1902.0
0.05739824527887366 -0.012887677284919545 1903.0
0.059186599605622656 -0.012231476634035994 1904.0
0.06093309899746497 -0.01157405343096728 1905.0
0.06211184359496318 -0.01101403321390409 1906.0
0.06324862661213038 -0.010451043499725338 1907.0
0.06442809865559461 -0.009894807325384579 1908.0
0.06560792884203569 -0.009340481222606625 1909.0
0.06674580275699045 -0.008783079903738781 1910.0
0.06892296483248274 -0.008149890197039038 1911.0
0.07110054282265237 -0.007521299860288348 1912.0
0.07323623368859077 -0.006892186221268072 1913.0
0.07545863273685141 -0.006263879984234402 1914.0
0.07763915155663317 -0.005635126809286415 1915.0
0.08033958302739105 -0.004976527704917741 1916.0
0.08304217252786156 -0.004310473262856855 1917.0
0.08578744588526847 -0.0036563356317070635 1918.0
0.08848908226980107 -0.0030172331662633545 1919.0
0.09123512639308157 -0.0023762938377828494 1920.0
0.09521205275293151 -0.0012065790841442154 1921.0
0.09923078978158495 -7.2481266367786e-05 1922.0
0.1032545066397509 0.0010723442206876732 1923.0
0.10727954271254231 0.00220051047669967 1924.0
0.11130772848069695 0.0033254293536224815 1925.0
0.11557089872830942 0.004563529782112376 1926.0
0.11988162994210885 0.005802544940965584 1927.0
0.1241958419369734 0.007034760005797919 1928.0
0.12855762881014443 0.008266731723450018 1929.0
0.13296301709983854 0.009471625875661386 1930.0
0.13755215972253823 0.01044163964867785 1931.0
0.142186047890029 0.011398280355445871 1932.0
0.14686870394228208 0.012366610676117376 1933.0
0.15164016383559972 0.01332609161703657 1934.0
0.15650243596781824 0.014288268091714101 1935.0
0.16083606234648673 0.014903771426186808 1936.0
0.16521785481596737 0.015534433802443253 1937.0
0.16964361510995854 0.016154548233937853 1938.0
0.17415951549626715 0.016781060790386517 1939.0
0.17876339433977176 0.017400546577770612 1940.0
0.18402629968702197 0.017323156320275104 1941.0
0.18933639396836965 0.017262374894605494 1942.0
0.194779636784987 0.017214257497418596 1943.0
0.20026778136022336 0.01716849133136813 1944.0
0.20584693975542775 0.01714029169732812 1945.0
0.21196867754551849 0.017467397806665216 1946.0
0.21817903710098815 0.01778875261306465 1947.0
0.22439199260508882 0.01810709546281871 1948.0
0.23069335907656704 0.01841725025530526 1949.0
0.23699715455345985 0.018722515785195244 1950.0
0.24152591167559107 0.019032217469797802 1951.0
0.24623178511943644 0.019348773931919694 1952.0
0.25102886637443783 0.01967556879741484 1953.0
0.2559632048919979 0.02002454818579138 1954.0
0.2610325168570103 0.020382601238211766 1955.0
0.2618698502568095 0.019360672229051454 1956.0
0.2627088043148216 0.01834118480210641 1957.0
0.2635033240917525 0.01731089771664347 1958.0
0.2643016132057763 0.0162937440381416 1959.0
0.265099429638113 0.015268228453847909 1960.0
0.2678571264721415 0.01538473982220197 1961.0
0.2707001050030554 0.015489850581502455 1962.0
0.2735447270874796 0.015599719839149756 1963.0
0.27643277156735696 0.015705869739416393 1964.0
0.2793203326876158 0.015805910678562227 1965.0
0.28130050644793847 0.014626808073900596 1966.0
0.2832826920557848 0.013452872962513587 1967.0
0.2852230352320782 0.01228194939231786 1968.0
0.28720720574577874 0.011107998763142318 1969.0
0.2891097477848723 0.009955515313305425 1970.0
0.2913209634141482 0.008823562339304342 1971.0
0.2934921557775095 0.007704870224474275 1972.0
0.2956632013386923 0.006581136638045722 1973.0
0.29779228667334817 0.0054603933873455185 1974.0
0.29996317782811344 0.004326875757151772 1975.0
0.3066312446052631 0.005188471646367663 1976.0
0.31334369255711475 0.006015589740099476 1977.0
0.32001475621994624 0.00681395954364767 1978.0
0.3267317407642999 0.00758607734873242 1979.0
0.33345072189143776 0.008329541057252528 1980.0
0.3379419630602214 0.009207024630700063 1981.0
0.3424351950587407 0.010066357603024037 1982.0
0.34689272532420384 0.010934939435184773 1983.0
0.3513521888752697 0.011784877974975521 1984.0
0.3558155398920989 0.012625094545247078 1985.0
0.3620169241270727 0.013203654908216395 1986.0
0.3682653441961566 0.013765062740348324 1987.0
0.3744797014390847 0.014335916679834644 1988.0
0.3807407850006105 0.014886539786498695 1989.0
0.3869697331767189 0.015452539943509397 1990.0
0.39550324187607017 0.01607251498258072 1991.0
0.40400931963463893 0.016699751758000356 1992.0
0.41248349584316757 0.01731425602223522 1993.0
0.42097303634603334 0.017926306821702296 1994.0
0.42947534643218843 0.018523271544964692 1995.0
0.4463631064855024 0.019739445389411723 1996.0
0.46364522955350274 0.020969418761517835 1997.0
0.48129068494055965 0.022209060316532588 1998.0
0.49922924607495855 0.023465101030819027 1999.0
0.517513008263811 0.024700157529049915 2000.0
0.5387992920647983 0.02636226835181603 2001.0
0.560189733222135 0.02800494212065963 2002.0
0.5815888246356531 0.029623259112513872 2003.0
0.6028891227767784 0.031177843179043332 2004.0
0.6239647278157728 0.032686577230913526 2005.0
0.6451268300856587 0.03414496642683765 2006.0
0.6657317993868905 0.03556976227923343 2007.0
0.6857224692072179 0.03692372638508869 2008.0
0.7049733472026906 0.03823174981772866 2009.0
0.7241806101480541 0.03967111642584576 2010.0
0.7462613019521818 0.04063240226278853 2011.0
0.7675703292107985 0.04153334495360691 2012.0
0.7879968989594983 0.042393691349140714 2013.0
0.8074900658391759 0.0432333845333009 2014.0
0.8268106999470145 0.04366908877791797 2015.0
0.8479471346352194 0.04254040689635429 2016.0
0.8682233170165614 0.041439748158163044 2017.0
0.8876074186967856 0.040149974614590356 2018.0
0.9061294520430978 0.03924481150709394 2019.0
0.9237753692894305 0.038164211553117715 2020.0
0.9402277910037492 0.03638012083481516 2021.0
0.9560524579594752 0.03458877410885774 2022.0
0.971267690235823 0.03278959032241161 2023.0
0.9859239635262462 0.03102081122924311 2024.0
1.0 0.029215102045019054 2025.0
