-
-
-
-
-
-
-
33
1442
1826
1939
107
-
1498
967
1731
1670
739
697
369
241
238
-
1445
1331
1321
1129
964
1605
541
418
221
172
1733
843
137
-
163
111
107
-
117
107
-
-
-
-
-
-
-
-
109
-
697
-
537
1585
375
369
341
331
312
281
1451
191
136
124
110
1238
1231
-
-
1977
-
2489
170
1439
118
-
-
-
-
138
115
114
101
1506
434
129
-
116
115
113
-
1317
1248
-
932
-
656
374
240
193
1366
1246
248
103
101
-
-
-
912
725
717
-
405
142
127
-
954
792
754
724
497
119
354
-
1253
1737
166
1088
-
115
-
967
-
1252
1673
1603
-
-
932
-
656
1663
997
-
1759
1027
997
-
847
631
605
149
107
179
-
1362
1776
1715
1705
843
-
-
-
-
-
-
-
843
842
1682
819
1673
656
625
597
1618
1616
516
390
384
374
343
320
299
281
278
274
262
241
235
222
221
217
205
198
1366
177
176
170
169
159
156
155
154
143
136
132
130
123
116
107
106
-
886
314
274
-
-
1680
1635
1558
1528
1459
1446
-
1204
1049
1044
1680
1644
674
391
302
241
184
1345
135
132
130
105
106
-
256
227
-
262
1652
-
-
1765
1806
950
682
585
1538
410
402
365
353
1487
316
224
206
149
130
107
-
1523
296
1456
277
259
254
231
217
131
-
130
-
1267
-
-
-
-
-
-
932
544
1461
1931
-
256
1414
491
-
1748
1033
1735
529
410
224
-
1428
1321
914
867
855
638
518
315
1487
-
1569
715
656
1366
1434
-
1817
1789
1754
195
-
1734
936
870
680
395
-
332
144
127
125
116
115
252
-
-
1367
177
176
146
1267
-
-
127
125
107
-
-
257
244
103
-
-
507
-
2116
1925
1953
1877
1858
1637
1842
1605
1831
1829
1487
1475
1473
1810
1466
1443
1430
1424
1409
1286
1282
1278
1760
1150
1757
1027
1721
1721
902
1889
1682
1637
593
463
241
240
-
1538
244
-
1614
1607
1491
-
-
-
-
-
-
-
-
1876
-
2330
2090
1946
1882
844
1696
1760
1456
456
152
-
-
1416
1413
101
104
-
354
321
217
158
1353
1897
-
-
171
-
-
1637
1784
1392
-
2388
579
190
-
1518
362
286
277
259
241
234
1406
1412
166
-
142
141
134
106
103
798
-
1366
177
-
-
1360
1265
1092
936
865
780
754
1617
166
-
843
1703
798
1822
153
-
150
108
1486
967
-
-
1528
957
1733
704
154
1283
1254
231
101
-
1345
150
-
2426
106
1600
213
-
1712
1705
-
2424
2420
2270
2027
1468
195
193
190
182
167
165
164
1351
162
-
-
-
-
-
-
-
160
159
156
148
1336
126
111
715
-
1850
1348
-
399
133
283
-
-
110
109
-
348
166
153
152
150
141
139
106
105
1206
1545
1408
101
234
-
163
133
126
-
-
1027
843
497
106
863
-
1743
958
1684
1680
646
395
285
1417
3950
-
-
1814
-
1141
1119
1098
1744
928
906
870
865
856
844
822
1658
544
231
127
126
798
101
1635
967
-
131
130
1616
-
1757
681
-
423
130
104
102
101
-
1757
1712
838
557
1005
113
-
142
141
111
-
952
932
815
1680
163
-
589
234
715
716
-
-
-
-
-
-
-
-
-
106
103
-
1098
544
-
108
104
1321
412
174
656
178
-
1653
1498
1449
241
163
155
151
150
145
144
141
102
1422
1253
-
396
1413
198
163
155
248
32
-
149
106
105
299
-
704
141
140
105
103
1252
-
468
166
-
103
332
-
-
-
3400
2754
4000
14
-
328
263
234
-
109
106
101
-
106
105
104
103
101
322
1417
116
1588
-
1968
1876
1819
1731
1857
1632
1533
1825
1272
1744
935
140
-
318
304
295
-
369
142
129
863
1575
-
1803
402
306
125
581
209
-
-
-
-
-
-
-
1588
110
1796
-
392
391
-
1487
137
-
-
1408
156
141
134
1703
1450
187
122
1448
-
101
105
-
180
149
108
1962
-
-
1494
171
1506
-
480
369
1494
21
-
-
-
-
1958
-
163
-
128
107
298
-
941
442
1505
1458
219
207
-
-
179
171
161
152
145
2373
-
156
126
124
-
-
1579
1545
326
295
246
234
200
196
165
150
148
147
1322
144
143
142
141
140
134
128
117
116
111
107
104
101
-
847
38
234
-
355
349
347
283
153
-
-
1448
843
-
1487
-
1697
-
-
-
-
-
-
-
843
166
1449
-
1050
1044
889
1680
788
741
707
706
697
665
653
647
627
615
614
578
575
567
566
562
545
533
524
1600
517
502
498
1585
487
1562
475
473
471
468
466
427
424
412
408
391
387
1519
1473
254
246
210
199
1382
186
175
154
145
151
144
-
142
132
130
127
121
114
139
-
362
217
-
336
1473
134
2198
-
1824
-
1938
-
341
165
148
136
132
130
124
-
-
772
1638
694
510
509
1586
504
499
1585
483
478
1562
451
1543
1535
388
-
-
950
160
156
122
119
112
1005
-
1871
1760
102
-
-
-
-
-
-
1999
557
-
234
-
234
106
-
-
-
480
437
220
-
105
-
547
1492
234
1529
-
105
103
102
102
-
148
1254
1252
116
114
111
1449
1689
1281
-
154
145
-
-
476
1535
402
336
1499
1396
206
1382
134
138
124
121
-
108
103
102
-
-
1574
-
2494
1991
1622
1590
454
435
355
352
326
316
312
306
298
281
267
263
262
1453
233
228
221
191
180
167
157
147
144
137
135
134
124
121
120
1254
116
114
111
110
109
106
108
704
-
657
646
-
130
-
1983
1977
1583
-
1197
1707
1652
-
-
-
-
-
-
-
3900
1924
-
125
101
-
104
102
-
1471
1761
-
1033
-
-
2414
1535
2227
350
-
-
-
1642
1853
1637
1842
1598
1597
1592
1592
1588
1583
1837
1577
1836
1558
1533
1825
1818
1474
1805
1467
1458
1454
1452
1795
1445
1443
1435
1432
1417
1389
1272
1212
1210
1204
1185
-
1150
1140
1756
1131
1055
1744
989
974
968
-
967
964
963
959
1726
894
1889
844
838
803
799
769
763
746
711
1646
698
697
685
677
666
1634
1629
609
598
581
1610
547
-
1005
-
1032
706
1590
469
349
334
326
296
292
268
254
255
227
191
190
-
-
-
-
-
-
-
186
183
182
181
179
178
168
156
152
141
138
135
134
133
132
130
129
127
126
125
121
120
118
117
-
2420
1926
1478
1457
1796
699
697
273
1435
1430
150
145
1312
117
-
252
186
124
-
753
234
1449
-
1565
457
1538
418
206
103
402
1650
-
-
-
2411
2024
1871
1667
1535
1449
1444
563
1588
429
328
327
188
136
109
106
115
544
1487
557
2510
-
-
2368
2068
1935
1937
1832
1635
1591
1381
1778
1204
772
754
1639
694
647
584
581
510
509
1596
504
499
1580
483
478
475
1562
1561
451
1543
1535
402
401
-
-
-
-
-
-
-
391
388
387
1522
354
336
327
1480
283
254
252
1396
206
196
195
193
1382
186
185
182
154
144
1311
139
138
124
121
338
-
1668
1430
102
-
1625
1540
-
1535
283
1895
-
2180
2092
2016
1924
1701
1669
1858
1625
840
1670
779
793
1653
697
608
605
603
-
593
588
544
1603
521
1591
503
1580
476
458
1552
453
444
443
434
1542
1541
427
423
1538
416
1529
398
395
282
265
256
245
244
184
163
162
156
155
139
117
113
109
1230
104
103
102
1694
-
1963
1863
1738
1638
1635
-
2226
-
1877
1868
1540
1457
933
-
-
-
-
-
-
1107
1731
-
333
1495
697
-
1357
1252
1153
1742
1705
861
848
843
841
842
841
1682
1680
716
697
678
601
1600
463
1552
437
435
396
382
373
353
328
295
288
265
254
247
241
239
163
155
133
147
-
463
391
-
1885
1813
1472
1424
-
197
111
173
-
-
380
-
563
293
238
234
153
141
134
124
106
105
1820
176
23
1442
32
-
1943
-
152
146
-
166
163
-
1696
646
1367
-
-
111
101
-
2490
2431
2373
2050
-
2279
2350
130
257
399
1529
-
1569
109
-
634
349
298
283
151
140
-
-
-
-
-
-
115
110
103
101
1488
103
107
140
1619
122
234
70
1903
1456
1214
-
954
863
389
127
103
-
2196
1871
1588
505
-
1637
159
148
129
-
-
967
932
454
-
1557
335
302
221
-
1402
1363
187
-
1360
141
133
131
130
129
145
-
2032
1548
-
-
519
518
504
496
486
480
466
457
456
501
369
333
197
187
173
175
159
157
156
155
154
152
151
150
149
148
147
146
145
144
143
142
141
140
136
132
131
130
399
1529
1048
602
2648
1840
141
-
184
131
129
105
104
148
1464
-
278
102
-
-
-
-
-
-
-
1137
1107
1100
-
2058
1655
1818
733
-
-
-
-
-
-
-
-
-
-
-
-
-
1366
1287
-
-
1044
1601
514
1600
244
154
139
134
132
128
1267
127
113
134
1449
-
1501
1430
1430
1321
997
1716
880
873
838
1620
106
-
555
522
1574
-
-
490
489
443
311
250
1425
244
238
234
1376
171
149
131
130
124
123
120
111
106
102
101
-
185
135
-
104
107
-
3181
2184
2027
1947
1907
1635
1480
1204
1143
1115
1101
1088
1065
1050
1044
1746
1003
932
889
862
806
1673
788
760
741
736
1646
1644
693
-
-
-
-
-
-
-
687
1630
639
627
615
614
575
1601
1599
491
489
463
1520
306
302
246
222
1386
189
163
154
1345
1402
-
932
1663
412
1734
-
20
-
1895
234
-
630
157
136
130
129
886
-
171
-
2401
194
178
104
-
1426
-
-
1983
-
1958
1862
110
109
-
-
-
-
547
127
-
-
244
191
187
146
111
105
-
724
285
933
-
-
125
126
-
321
314
284
1701
282
148
-
989
1744
833
794
1659
1656
732
720
713
655
644
1624
1612
567
555
1604
523
518
465
425
417
399
334
333
311
1401
112
61
-
-
-
-
-
-
-
1160
341
315
288
281
231
201
157
156
154
148
141
140
139
1287
133
132
131
129
128
127
1260
112
130
349
135
-
1468
290
241
161
2198
2290
-
1471
1761
1757
932
886
-
1705
1348
129
-
-
-
-
-
-
160
148
1425
247
158
263
-
-
1337
-
1600
1552
453
444
423
282
257
-
-
-
-
-
-
-
-
-
-
-
-
141
148
145
-
-
106
128
498
113
106
-
-
387
-
300
291
1453
228
154
1283
-
263
1622
-
244
148
126
130
-
967
-
-
-
-
-
-
-
-
-
-
-
-
1115
889
788
707
706
697
1345
1524
141
1354
-
1579
234
1890
-
1000
853
1655
420
333
139
130
113
765
239
235
-
657
645
321
203
-
1445
1791
324
-
967
707
1552
405
-
30
-
-
-
680
1487
-
1626
1578
341
234
154
-
-
153
145
141
140
139
134
130
129
119
109
105
-
145
143
137
110
107
106
101
-
912
725
716
386
1851
325
116
-
106
105
146
263
1119
336
-
139
1259
23
-
-
1859
-
1446
1791
1260
-
1574
1545
234
3850
-
103
-
1442
254
129
-
-
-
-
-
-
113
-
1635
1591
1381
1778
217
1287
144
-
405
-
148
333
-
1639
699
693
485
191
-
528
428
1895
1757
-
1728
1663
231
1399
-
2373
1859
1000
1660
1619
1606
1485
286
1430
246
244
231
225
1312
1317
113
1248
111
-
135
1434
125
-
234
122
1223
-
-
118
234
1409
196
-
341
270
235
141
140
127
106
106
105
-
575
199
121
369
235
1594
-
1697
1637
1449
-
1446
296
1488
1048
953
-
1853
1260
1131
1744
654
1579
1546
1423
-
121
102
1652
-
497
101
1442
144
-
844
843
842
1681
1675
-
-
-
-
-
-
-
646
374
1366
-
843
241
444
-
1652
-
-
1714
-
1705
274
1366
163
107
-
114
109
104
123
1414
1415
1426
-
848
1680
1425
113
-
-
967
881
1603
1552
1727
1522
-
2376
1887
-
2227
-
1945
1635
1204
1119
1639
647
1601
510
500
1585
487
408
-
387
1521
283
231
210
195
1382
185
147
139
138
1294
113
-
-
-
-
-
2360
2287
1907
1877
1868
1533
1540
1824
1457
206
2360
-
1938
1256
-
369
1491
156
595
-
2199
1274
543
-
1851
1751
1506
886
-
1442
141
104
-
1153
843
1680
713
646
1446
-
-
-
-
-
-
-
843
1689
-
374
454
1553
-
1967
1604
1552
-
166
-
349
1033
1404
354
1322
851
-
339
-
1670
163
2327
-
543
231
1351
-
260
254
193
192
191
190
189
187
162
147
143
142
141
140
134
133
118
112
111
108
106
105
102
1471
-
-
788
1396
1348
-
134
110
108
105
1622
116
104
109
-
1452
547
1505
141
-
116
135
-
107
105
1505
105
-
-
2304
1535
-
531
420
370
362
328
307
304
286
286
280
277
255
1440
254
-
103
-
1425
105
-
338
336
327
319
252
239
-
-
-
-
-
-
-
231
193
1382
183
1330
113
-
-
851
56
28
-
1021
942
1706
846
844
806
775
774
738
-
821
286
107
240
788
125
354
-
262
178
177
-
-
270
116
-
130
-
-
156
149
143
139
126
124
112
111
110
108
234
-
514
530
511
1594
-
506
502
500
495
1588
491
490
488
486
478
468
459
446
445
437
431
429
427
425
423
408
407
407
405
403
392
375
367
360
359
358
356
352
344
341
337
1487
331
311
310
304
303
300
292
289
288
285
278
280
279
277
276
275
273
272
271
-
-
-
-
-
-
-
264
263
1453
259
256
255
253
252
251
1427
1425
247
1423
245
1419
242
240
237
236
234
1423
232
231
230
229
228
226
224
222
221
217
210
209
208
207
205
200
197
195
189
182
181
177
175
171
167
166
165
162
159
158
157
155
154
153
150
149
-
-
147
146
145
143
142
141
138
134
130
126
123
120
117
116
113
111
1223
112
1374
-
139
130
175
370
-
348
346
1502
333
326
324
322
321
320
318
313
1477
310
306
298
295
294
292
287
284
283
282
278
277
272
268
262
1446
257
255
246
237
235
-
-
-
-
-
-
-
1410
229
1394
221
202
183
175
172
171
170
165
164
163
161
160
158
157
156
155
154
153
152
151
150
149
148
147
146
145
144
143
142
139
137
135
133
129
121
112
115
111
110
101
-
-
1223
105
-
-
246
146
107
104
-
307
-
1757
-
843
842
1697
1616
-
1600
1552
166
163
127
592
1616
-
3400
1779
967
-
-
2763
2031
1967
1637
1582
1781
984
-
967
1727
895
887
886
883
1603
496
1552
443
357
356
247
183
166
157
143
141
137
136
132
127
126
125
123
121
115
111
107
1399
1888
-
-
-
-
-
-
-
1252
1680
733
-
1415
1680
-
2759
2065
1351
594
-
274
1366
967
234
1418
1243
-
843
1694
1348
32
656
339
-
319
316
195
162
158
154
115
195
-
162
111
505
151
-
116
-
321
1423
-
1474
232
-
108
-
125
113
130
-
-
-
134
125
-
118
105
1828
231
354
234
-
153
125
321
457
157
656
144
145
-
-
144
118
110
-
293
112
111
132
129
149
-
582
1487
110
104
103
101
-
291
188
104
130
295
111
454
-
370
176
1415
-
287
171
131
130
129
128
110
-
-
-
-
-
-
-
-
795
665
296
168
160
164
105
281
161
-
531
441
370
1518
362
342
339
332
327
307
1470
286
274
271
264
256
254
241
235
234
1411
231
217
182
180
166
161
1283
132
1588
-
879
395
-
-
150
131
144
129
-
163
107
241
1415
-
-
1252
1250
932
-
157
149
116
513
1252
-
1237
32
1092
-
1345
143
141
135
-
1604
518
121
104
-
193
1366
1446
131
-
1252
130
102
-
1371
138
116
105
116
-
371
-
362
319
1428
202
1289
133
1386
-
415
359
134
130
135
1644
-
-
-
-
-
-
-
634
507
505
-
149
-
1
1487
101
433
168
1357
140
-
294
134
132
125
111
110
486
-
-
107
106
104
103
-
358
283
264
1346
-
118
111
107
106
136
-
109
-
392
390
369
1492
331
215
147
147
-
148
-
436
428
305
-
-
-
798
707
-
391
148
-
112
-
108
106
104
171
1776
1088
-
134
-
349
109
252
-
181
1348
151
134
544
234
164
-
1706
844
689
418
340
103
1442
142
107
-
249
135
124
113
112
110
140
1442
-
355
349
563
-
125
102
1205
-
-
-
-
-
-
-
717
-
241
461
290
-
1733
1600
150
127
1322
1999
2031
-
1263
125
146
110
-
967
163
-
-
889
792
754
585
1609
119
109
104
1326
148
260
-
-
2025
1991
1940
1851
1506
1471
1824
810
-
331
269
265
1430
219
141
117
108
107
-
257
-
-
130
117
2229
106
103
-
1757
1712
843
711
1616
1541
204
184
189
178
177
107
395
-
2139
1545
1449
1435
1743
524
396
-
531
485
423
1526
387
1523
370
331
296
1456
277
1443
254
238
1416
231
230
217
185
180
1364
131
103
-
697
1603
521
282
-
-
-
-
-
-
-
-
312
141
133
-
505
-
1921
1869
1622
369
364
328
312
228
1350
135
1283
114
111
717
2092
-
1738
1639
1635
344
-
1473
-
420
328
101
-
1671
1599
444
434
1542
1538
416
155
117
104
103
102
-
544
113
327
1486
-
1680
1427
-
-
-
-
188
146
130
-
277
252
241
234
1406
1412
166
1308
-
240
233
310
-
-
121
673
-
1494
240
941
-
-
707
1604
252
-
1932
1471
-
2070
1983
2287
1696
-
1252
1250
-
1939
1820
1100
757
1620
1547
239
1141
656
-
1626
563
2095
-
-
-
-
-
-
1758
-
1893
227
-
-
-
-
-
484
1019
285
1418
-
145
148
135
130
-
-
681
1473
295
1814
-
997
486
221
110
105
104
103
1539
-
2426
1449
1404
-
184
144
-
1609
28
-
389
375
341
156
155
142
141
140
134
-
1300
-
-
-
-
-
1542
715
-
1748
1715
456
886
-
-
736
211
-
110
104
-
1697
1680
-
311
1459
250
241
1416
1442
-
156
131
-
657
656
123
101
-
-
142
138
130
129
101
827
106
1888
886
-
-
245
166
843
101
-
339
-
1660
1999
-
-
-
-
-
-
-
-
807
-
1532
-
932
412
395
415
1534
302
-
-
491
1573
386
175
2226
851
-
656
-
105
108
-
-
131
109
-
1488
224
175
136
118
-
1409
1321
1283
1252
1154
1756
863
-
571
115
-
1346
154
-
379
330
265
2242
168
-
-
-
231
158
148
240
154
311
427
369
673
135
1954
-
-
262
1439
1396
184
-
697
194
116
-
1243
886
-
-
-
245
145
-
375
191
148
144
1283
121
114
110
1231
101
3070
163
1430
-
-
480
605
-
1197
1717
-
-
578
420
254
1428
-
-
-
-
-
-
-
-
1591
1154
1014
969
1735
879
1707
863
792
775
774
763
1654
497
428
380
334
218
216
161
1819
333
1494
780
-
-
798
-
1075
720
1620
603
544
474
440
439
1543
428
1534
375
235
224
221
206
1380
174
173
172
170
150
364
165
798
1655
1252
-
-
2550
2466
1346
-
717
682
-
1409
124
-
106
33
-
149
104
1417
-
-
125
-
-
509
129
109
-
128
420
1471
1895
-
933
657
-
1869
1622
174
156
1350
154
153
1417
-
967
1670
1552
241
163
1486
-
1449
556
1606
490
1556
-
-
-
-
-
-
-
420
1471
1440
254
246
244
170
806
-
1588
159
-
498
1428
204
-
241
163
124
-
355
348
293
-
1614
579
561
548
1474
1481
292
232
-
1609
-
-
1873
1657
1523
1822
704
456
-
1370
137
107
-
-
1968
1876
1642
1853
1632
1632
1523
1272
-
-
933
935
-
-
1876
1819
1731
1642
1853
1533
1825
1444
1744
433
1423
234
114
-
-
1822
-
1671
1653
1652
521
1591
503
453
1541
1538
265
155
117
1230
-
127
110
-
1635
697
1345
144
697
-
2690
-
3254
334
1934
-
143
139
129
127
354
-
-
-
-
-
-
-
1498
-
1734
950
1656
682
523
410
1487
224
206
1287
125
106
-
-
-
-
1557
392
3950
144
1888
-
111
1803
-
1801
1484
129
111
104
-
715
-
1449
166
456
-
2360
-
2426
1895
333
2426
1452
1895
-
1877
909
1694
798
1616
240
1366
1267
-
-
1487
116
407
-
415
-
244
184
-
1318
234
1232
545
-
544
293
1442
1466
-
2031
1639
1637
1582
1781
1340
1254
1244
967
966
1727
850
707
697
1552
231
1357
1357
-
342
234
1412
187
1284
1767
103
-
173
172
166
160
1348
-
1346
154
-
103
-
-
-
-
-
-
-
1177
933
-
1489
1033
-
1924
1858
1625
840
779
772
650
1599
1542
1541
423
104
104
-
1450
2426
282
-
1449
1607
286
248
196
195
191
189
179
171
158
156
148
147
26
-
108
105
1828
338
369
1449
-
1635
254
1429
246
244
1386
1374
183
1374
-
-
163
133
1249
1211
1210
2020
103
1574
-
369
1493
-
-
2427
2397
1414
-
1632
507
-
-
1888
1449
-
1204
1049
1044
697
674
627
2510
-
1983
788
-
1949
1402
171
-
1471
1470
1449
-
-
1533
1506
-
1494
1442
486
-
106
104
104
-
1451
163
-
-
-
-
-
-
-
160
159
158
151
1718
588
-
333
-
281
250
189
1370
145
142
141
127
120
118
116
110
109
108
101
124
1868
106
557
-
1471
1470
1938
-
1473
1808
242
-
1822
-
163
132
252
2479
1176
-
1434
1363
174
140
130
111
109
2350
-
138
106
1574
-
656
251
335
-
544
406
735
-
857
600
582
-
-
135
110
109
-
2139
1635
-
103
1588
1894
-
1088
959
-
656
-
-
707
295
1418
-
1776
1026
1900
-
241
-
1003
697
-
1748
1712
334
-
167
-
1449
-
967
953
1728
-
-
-
-
-
-
-
707
1603
1552
-
1757
862
101
-
412
1626
-
116
125
-
107
104
-
-
475
405
354
319
195
1382
2280
1443
1790
-
2227
2198
1946
1885
1871
1656
-
1485
697
634
1598
487
430
391
384
340
314
286
283
254
244
224
145
147
145
144
143
142
-
-
141
140
1293
136
135
134
131
126
122
104
-
333
-
132
126
245
1346
-
391
302
1374
-
420
-
163
656
798
-
697
634
241
707
111
163
316
-
1682
1670
713
104
-
1500
1330
-
391
241
161
160
-
-
498
485
1527
387
1523
370
-
-
-
-
-
-
-
1456
254
230
217
196
180
1363
395
-
733
1652
-
681
1473
240
697
1600
-
1924
1701
1669
1858
1538
2038
843
295
-
163
106
-
1619
420
1616
1670
594
-
211
134
133
-
2199
267
1453
249
234
196
183
169
155
154
145
140
139
137
135
134
-
132
131
130
128
127
126
125
124
123
122
121
120
107
-
1430
1715
-
140
106
-
1488
149
144
142
141
715
312
1477
138
704
-
2198
1954
1274
493
1585
430
427
350
1500
294
293
292
289
288
227
190
157
134
130
-
-
278
122
104
1893
1801
-
-
-
-
-
-
-
1263
125
101
1294
-
2242
2480
-
1423
1235
-
88
1652
240
134
285
101
167
-
244
1449
-
1820
-
1492
220
138
-
2427
2360
1877
1825
1824
1794
1791
1177
1744
1740
933
769
1633
643
1627
1579
1546
280
234
138
129
128
123
1262
106
105
104
-
-
88
-
136
-
1259
227
-
-
-
-
-
-
-
148
-
1813
1472
1789
-
1415
132
131
128
1418
-
171
305
175
-
1422
281
1635
1418
-
774
689
-
1694
1688
339
1696
809
1252
-
1705
1366
241
-
984
-
147
146
145
136
886
-
113
-
-
-
-
-
-
-
1616
843
333
1552
-
1639
1635
979
571
307
1859
157
-
2198
1697
1498
1448
185
163
1286
91
-
116
109
-
1574
1414
272
131
-
-
932
909
1663
412
186
121
113
-
153
120
1660
1451
680
-
1336
1652
1824
1581
680
1506
-
746
305
111
101
1373
-
248
-
326
132
147
133
-
1546
129
107
104
37
1607
2550
-
1958
1869
1821
957
1622
-
3900
-
447
442
382
313
290
194
182
152
141
141
139
134
130
127
119
117
114
106
-
166
107
-
-
704
1237
147
-
-
2550
2466
2412
327
-
-
-
-
-
-
-
319
231
1396
102
-
-
134
-
-
148
147
107
479
-
217
1700
178
-
1858
-
104
-
286
157
151
1220
105
-
391
-
-
-
-
-
-
1535
319
708
-
186
-
132
1442
198
-
177
146
-
1574
1545
1423
1409
234
-
234
233
-
-
-
347
1447
-
523
-
1734
163
-
1783
638
291
-
-
1656
101
177
-
107
105
144
-
2092
1569
1524
1449
1435
1408
1383
1776
1775
1277
1252
1244
1184
1757
1044
1747
1027
1742
997
958
936
1721
906
892
1705
860
849
844
843
838
1683
1680
697
677
-
-
-
-
-
-
370
181
1357
163
594
-
497
354
336
149
144
-
932
412
958
-
932
842
1119
-
1386
-
350
330
1635
-
1860
145
-
1617
341
140
1357
843
-
228
195
386
-
119
-
-
657
654
-
933
341
234
135
132
131
-
1721
843
-
1652
-
-
843
886
2227
2420
-
1824
1627
234
229
299
152
106
-
598
171
-
2027
167
-
1954
1574
1770
-
327
-
1274
-
1782
1323
1300
580
570
323
294
1461
285
281
263
262
1428
1414
239
238
235
234
1400
217
171
155
154
153
151
145
147
145
144
143
-
-
-
-
-
-
-
142
141
140
136
135
134
131
130
129
127
125
124
118
115
111
107
106
103
-
1430
219
-
677
165
1336
146
128
107
-
-
1606
1540
1524
1824
1456
1791
1443
1177
1075
1744
1559
129
111
107
106
1750
-
-
-
1991
-
1252
1148
241
163
1680
-
-
-
1734
866
-
-
932
-
348
153
1119
912
865
-
-
529
502
457
1487
224
175
-
1574
1545
1423
231
101
-
234
1260
111
-
149
147
139
110
-
380
198
171
162
1449
1715
-
335
257
229
146
-
-
1734
1682
798
661
1616
344
-
-
-
-
-
-
-
-
248
241
236
217
-
1506
1449
843
190
-
151
110
1494
265
-
-
136
118
163
1494
139
187
-
-
1019
959
229
-
244
1396
206
-
-
-
1697
1498
1448
1680
1431
249
-
-
1607
480
1492
303
-
150
-
798
697
295
241
-
-
131
128
116
106
-
134
125
138
-
-
497
167
139
144
143
142
141
140
139
138
134
134
-
132
131
129
127
109
106
105
104
561
-
318
1476
299
295
293
285
149
144
109
104
-
419
330
265
-
-
557
142
34
-
-
-
-
-
-
323
-
889
1513
307
293
-
544
-
1265
1092
-
305
-
-
1491
-
-
-
1102
800
1357
-
1528
369
224
232
106
139
-
1558
1442
-
1464
1434
594
-
1439
-
1619
1429
1376
1736
245
167
-
-
-
932
-
932
1443
-
1027
1734
-
-
-
1360
139
137
136
720
-
-
1619
106
295
-
281
141
103
-
-
234
106
-
1252
18
101
-
355
171
158
136
175
1593
1574
-
138
129
127
109
101
-
557
-
1619
258
-
145
224
-
531
1566
479
478
446
420
410
400
387
-
-
-
-
-
-
-
378
365
367
1517
362
1503
328
327
324
1479
304
293
290
284
277
275
1453
1461
259
1439
254
248
241
234
1406
1412
225
222
220
205
196
191
-
190
189
1374
179
175
165
160
159
158
146
127
107
-
1487
1705
333
1417
241
1415
1927
605
262
234
456
236
162
-
512
143
1557
3900
1552
-
